559
478
296
276
308
331
365
439
388
271
373
534
427
325
324
446
287
380
306
320
277
277
334
309
330
404
512
501
471
470
359
273
376
364
313
291
490
405
276
424
503
406
491
440
292
269
353
384
260
287
458
449
346
276
269
353
357
273
291
339
379
489
412
412
265
274
379
400
355
264
277
344
285
255
367
439
418
411
466
401
269
268
351
381
267
314
386
401
396
434
389
288
252
401
378
387
278
266
360
421
366
281
378
453
329
318
357
380
305
305
325
369
380
443
413
449
267
420
368
325
379
289
464
391
450
373
336
302
292
217
415
264
307
345
375
379
331
288
253
505
294
373
446
294
301
396
419
289
322
229
331
379
419
415
444
425
267
413
336
335
367
504
523
380
420
382
338
426
248
417
420
352
421
350
371
369
370
281
511
338
269
539
289
458
307
361
336
387
222
364
426
523
714
752
483
815
747
580
400
375
377
424
378
326
386
279
407
294
378
219
410
357
364
417
300
566
379
332
454
482
297
283
322
365
280
432
293
552
411
403
340
436
290
347
494
246
378
348
391
368
303
435
340
522
535
493
379
374
231
457
278
374
321
416
421
381
432
478
570
378
425
293
290
308
358
432
334
411
464
571
375
565
295
564
832
577
616
608
274
255
340
295
247
270
295
284
260
286
319
263
261
328
356
349
479
361
257
374
364
381
446
429
330
265
258
328
397
319
246
280
340
277
264
337
341
249
264
320
375
258
254
348
300
245
389
401
461
417
431
261
265
368
437
387
346
266
285
287
335
367
354
375
294
275
364
373
264
268
315
277
264
298
312
325
266
269
268
334
361
285
267
323
280
309
278
272
338
341
333
296
260
332
329
261
252
364
345
399
313
250
282
408
385
356
417
439
416
350
257
258
413
352
383
284
263
310
298
275
250
296
355
338
257
261
336
311
268
336
352
400
275
247
288
294
268
266
268
306
443
481
434
399
273
260
293
382
362
310
259
251
263
320
271
289
293
377
403
354
325
244
345
289
243
280
382
387
353
293
259
341
428
383
296
278
343
314
251
285
337
342
430
375
433
263
306
299
301
304
267
314
408
270
274
325
360
391
365
255
273
383
383
258
279
391
306
255
275
282
266
259
284
318
269
252
356
445
372
266
255
309
334
392
308
326
335
248
262
351
378
289
278
338
321
282
246
375
480
367
323
252
278
383
320
255
303
364
275
253
281
322
324
288
252
277
341
303
319
258
304
328
315
322
256
288
281
292
252
261
319
298
269
280
277
319
298
250
340
381
407
362
306
299
350
279
290
301
276
359
256
250
353
374
290
249
315
324
