468
256
266
416
349
291
330
393
404
441
472
320
318
313
406
308
302
336
393
363
252
296
341
344
358
291
267
362
372
452
392
507
429
363
270
327
442
304
256
308
341
300
244
353
375
355
384
435
348
266
271
308
343
314
249
269
427
301
264
290
359
412
298
258
307
399
380
418
308
300
258
258
300
373
425
342
334
293
305
275
250
355
442
441
344
407
312
269
276
308
326
266
266
264
286
292
316
295
364
257
260
311
434
310
248
422
459
414
339
336
366
355
317
284
318
360
316
283
374
438
502
542
361
265
252
266
284
289
366
280
293
228
358
296
222
385
227
355
339
360
254
270
225
295
284
322
237
327
283
291
367
266
342
237
332
351
271
289
399
357
238
382
275
326
246
325
228
396
242
250
294
314
236
358
321
279
362
405
261
284
241
285
328
334
213
351
270
305
343
243
292
281
278
265
251
289
444
380
216
426
264
278
275
333
278
232
313
326
226
306
321
303
306
269
214
259
313
307
384
333
568
526
406
346
585
564
396
419
348
288
315
334
216
220
396
323
214
362
319
323
273
241
311
358
271
379
237
273
279
405
282
372
274
261
268
276
340
247
374
372
309
343
326
289
410
254
375
221
306
353
298
346
233
313
273
244
334
274
318
274
283
310
318
224
357
294
324
323
279
330
265
371
297
367
247
264
343
266
315
374
281
224
387
295
318
385
273
235
296
325
321
272
345
331
238
322
447
246
422
418
372
382
385
497
484
541
351
496
348
346
260
278
301
299
302
333
310
252
322
414
408
279
256
383
408
387
427
412
383
418
451
289
248
426
442
394
247
292
383
296
252
299
301
261
271
339
273
258
309
356
410
379
304
255
364
395
386
259
257
285
292
255
287
334
286
291
263
341
274
297
260
287
414
277
260
303
312
293
364
370
420
412
331
287
273
363
388
356
338
250
256
322
371
277
263
294
296
265
270
330
318
268
279
304
285
256
287
244
291
457
258
269
430
356
256
251
292
356
326
252
262
347
404
340
257
310
449
353
257
299
343
481
396
335
257
252
385
417
310
261
410
482
397
445
245
297
451
365
259
304
380
368
253
252
321
379
357
434
321
253
301
423
349
300
250
333
376
267
265
312
425
386
281
303
316
376
244
270
405
355
263
294
333
362
352
277
259
313
350
398
290
258
321
355
264
287
353
373
283
250
318
385
340
310
332
256
267
294
312
286
301
373
250
274
421
385
365
264
271
284
404
346
284
275
367
399
417
338
254
325
436
405
411
259
252
351
379
387
437
426
284
259
381
428
411
284
252
378
375
377
252
334
433
391
356
315
244
282
327
279
249
392
387
431
289
268
316
357
426
262
282
381
399
443
289
257
367
336
327
295
324
305
267
274
309
