498
410
290
252
362
375
489
528
327
316
330
443
425
298
299
429
291
316
387
463
386
260
277
440
418
275
313
327
334
425
349
262
340
334
338
308
288
267
259
295
290
292
254
283
327
260
266
390
299
270
332
345
387
313
264
332
270
285
396
418
350
311
261
366
459
379
285
258
271
256
259
330
389
343
304
300
333
319
338
267
254
291
330
305
296
287
274
403
345
275
258
288
381
460
257
271
344
421
278
304
389
414
366
321
306
363
332
293
320
432
515
374
312
384
275
242
228
246
289
304
287
286
258
231
218
223
247
291
265
270
285
339
281
269
292
284
319
313
344
342
293
282
274
233
228
218
307
262
295
263
311
299
279
296
312
344
276
282
278
294
258
277
320
318
284
287
298
315
271
273
265
286
328
299
282
288
290
323
319
347
304
325
310
335
309
271
280
312
261
270
284
302
273
281
341
286
312
279
268
282
279
273
269
303
374
407
329
315
349
348
389
428
315
301
244
251
270
296
289
276
279
274
279
285
309
287
307
295
322
317
335
278
313
324
272
316
313
307
309
297
290
261
285
304
331
270
291
291
283
300
284
273
265
312
292
284
251
273
277
310
336
321
271
348
281
279
285
307
290
265
290
290
295
341
290
274
334
297
293
275
325
323
324
296
278
308
284
305
329
280
297
295
315
301
305
320
288
269
320
303
314
361
373
390
328
406
283
501
439
300
266
361
393
253
286
334
391
337
258
283
381
371
403
407
377
273
258
340
407
290
263
262
317
334
258
262
268
269
310
300
268
296
264
254
293
312
310
292
329
358
259
311
288
396
296
254
334
468
322
281
271
299
329
255
269
336
323
351
285
268
327
417
270
252
389
406
308
267
341
363
333
248
331
414
383
320
255
312
433
360
320
321
326
304
309
372
331
320
258
272
317
