505
275
301
347
347
257
326
380
386
272
351
396
330
329
307
324
432
453
292
272
406
450
310
248
352
297
263
367
379
260
286
363
307
268
259
319
345
280
260
305
276
272
340
301
261
338
378
411
404
339
263
350
394
255
314
413
351
282
322
408
359
257
345
500
498
424
262
299
444
395
249
363
448
399
328
260
385
442
257
297
398
440
308
307
377
427
284
259
386
287
265
338
394
348
250
350
484
486
475
465
365
306
362
340
344
402
338
227
222
226
241
222
219
227
214
229
244
218
216
216
221
214
229
216
241
221
229
235
221
214
221
214
228
217
216
222
215
238
246
241
258
222
214
219
271
226
220
223
216
216
222
225
215
222
222
214
220
238
230
221
227
235
249
233
222
221
225
226
216
221
236
221
223
249
260
216
221
217
228
227
229
214
218
217
229
225
216
220
216
219
221
214
229
219
216
223
229
227
228
224
224
220
219
222
222
225
233
223
229
222
224
222
223
236
213
222
222
243
311
217
236
241
271
288
277
270
272
253
246
241
255
244
262
282
273
260
279
233
226
221
231
236
216
220
222
222
226
215
216
221
227
215
221
223
222
221
217
214
223
226
242
232
223
220
227
226
231
228
235
249
239
217
222
221
222
221
223
220
233
221
216
214
217
228
222
223
223
221
216
222
222
226
230
228
221
223
230
229
232
233
267
249
254
242
230
225
216
236
222
224
222
223
216
222
223
224
231
222
216
222
235
222
235
217
234
229
222
228
224
223
235
222
216
222
224
228
214
222
229
237
221
224
220
222
215
215
218
230
266
267
257
262
240
242
233
246
260
247
290
243
225
252
427
261
261
380
386
396
258
260
421
407
334
282
273
354
442
416
424
373
267
379
342
249
411
440
425
378
301
274
426
381
443
540
451
305
269
434
428
414
403
476
424
274
299
408
404
460
549
285
270
405
413
272
261
413
435
418
355
253
359
436
467
465
394
252
317
359
284
285
314
320
291
266
297
387
337
364
299
253
359
336
326
263
287
353
262
288
334
276
415
281
274
338
418
254
319
430
468
370
256
328
388
264
293
420
417
390
255
340
471
425
273
351
424
450
517
420
522
468
409
341
248
314
440
293
269
375
377
292
268
344
381
278
267
447
443
423
275
276
434
405
266
304
379
461
437
306
264
350
442
399
270
330
376
404
374
382
288
387
515
502
439
399
266
356
394
407
315
265
393
458
297
294
400
318
290
306
407
385
379
262
332
506
431
273
300
410
459
437
294
262
366
271
315
433
427
282
284
399
431
285
322
350
430
335
256
332
443
384
261
322
419
459
355
268
369
391
379
270
262
383
288
257
365
399
298
259
278
253
342
516
410
274
248
354
410
321
266
341
445
265
279
370
404
352
260
341
391
420
268
280
370
399
284
281
362
395
375
261
272
486
382
251
348
411
406
