726
539
508
367
512
701
745
336
491
538
495
560
588
501
570
472
603
500
519
303
585
584
267
480
337
507
563
350
488
484
548
536
466
479
456
541
449
502
526
569
527
420
507
498
363
463
623
554
308
563
551
470
417
458
518
416
399
493
306
565
360
426
611
506
390
483
513
492
367
585
517
419
712
609
504
491
341
466
496
452
376
285
283
262
244
221
214
221
276
268
224
222
232
244
254
249
249
214
214
228
266
302
236
235
239
225
236
241
252
219
223
243
274
266
235
221
214
225
220
256
234
224
244
237
215
225
222
229
244
267
222
230
227
230
240
254
214
221
224
224
222
226
268
247
221
226
248
266
240
237
214
222
260
255
251
248
215
222
218
215
222
221
230
249
215
227
223
248
288
306
232
236
234
221
237
260
221
233
216
222
242
256
268
232
229
214
216
259
308
297
270
257
249
288
335
290
254
240
286
276
324
382
352
305
288
261
244
273
310
306
296
323
389
304
269
238
294
330
234
233
233
244
226
227
230
248
223
241
234
221
230
217
235
225
224
216
228
232
232
229
228
267
237
238
237
222
225
225
242
240
225
227
239
254
224
214
214
256
257
250
214
249
322
339
278
258
273
224
221
224
235
232
244
256
251
232
231
245
267
221
228
286
302
228
242
251
254
240
225
224
224
236
214
223
264
214
229
224
215
223
218
221
221
227
248
250
239
240
230
242
222
225
247
250
226
233
214
222
277
301
282
273
243
365
277
236
256
331
257
264
284
232
250
254
326
309
263
279
259
238
257
298
349
283
252
255
228
241
447
355
660
519
366
568
519
556
320
621
503
379
475
540
409
409
574
299
477
609
374
406
553
559
523
278
527
510
402
482
516
494
447
474
565
338
525
652
555
324
545
568
287
512
469
359
472
522
418
471
426
524
522
262
579
496
322
512
497
357
520
616
441
383
515
576
307
544
457
340
510
631
523
448
427
509
301
527
543
521
348
601
474
482
389
468
455
421
549
541
501
359
645
640
301
523
521
378
475
538
287
555
524
