771
547
306
495
339
502
545
371
511
463
475
744
341
503
583
442
808
577
522
595
653
377
421
582
514
289
463
405
394
586
707
310
480
561
323
432
386
528
593
254
506
459
403
428
476
306
477
520
337
445
568
339
531
518
288
511
457
311
427
557
327
451
527
457
343
482
438
418
477
428
325
480
423
451
491
354
659
371
597
327
464
548
287
557
375
418
415
546
575
357
514
569
284
616
352
468
600
360
562
894
648
545
573
621
516
546
508
623
740
557
503
512
677
553
514
695
599
662
689
591
699
543
612
709
660
651
659
638
565
597
466
603
637
559
509
560
452
516
616
600
679
462
366
558
320
801
696
959
1043
1058
843
328
444
499
569
415
455
520
543
605
604
446
686
778
727
539
632
559
677
498
554
475
614
754
547
647
644
637
624
475
550
475
627
544
517
588
651
600
509
431
654
440
709
711
647
575
649
690
490
655
469
558
606
1000
1185
1047
325
450
456
412
486
494
520
384
517
559
437
399
588
770
587
325
538
543
523
315
650
461
286
532
442
434
510
584
793
269
591
537
456
356
620
520
535
487
416
489
539
424
415
589
518
532
491
331
540
534
499
523
474
512
466
400
464
504
396
492
559
664
260
556
538
412
455
474
424
526
550
464
435
503
540
