925
684
570
572
333
496
587
314
617
600
523
574
512
306
537
562
334
558
433
371
573
606
399
416
565
476
369
526
567
536
361
421
544
328
664
659
463
421
596
648
493
318
558
582
323
462
596
361
479
452
336
530
423
487
491
571
572
433
461
543
523
531
301
470
618
396
413
602
342
479
560
338
535
554
360
495
542
269
499
672
458
283
495
367
382
527
593
440
390
421
524
370
392
815
578
496
302
463
567
551
459
489
553
493
439
570
649
485
490
548
380
231
244
316
344
300
305
332
281
258
286
312
312
285
255
294
287
241
310
259
291
317
334
225
281
312
224
232
312
365
282
274
245
222
236
323
326
273
247
251
279
276
281
298
335
297
305
335
301
282
275
257
290
289
268
288
299
309
274
278
315
299
294
265
243
284
348
353
283
250
262
251
287
342
251
229
264
276
275
257
337
279
271
275
288
276
250
287
293
342
261
341
306
316
316
375
307
281
390
433
372
411
427
388
403
459
335
434
486
238
227
233
287
280
272
303
303
307
277
268
285
285
292
273
268
299
316
376
330
331
243
223
320
302
241
279
337
401
283
233
246
259
305
310
250
316
327
390
344
255
283
278
307
272
272
318
278
281
314
274
342
301
364
335
283
277
277
322
367
347
284
293
321
271
285
341
262
247
328
288
285
244
269
277
284
332
333
260
250
266
344
258
247
294
312
353
414
412
374
298
382
310
325
378
382
456
386
419
453
596
350
483
356
344
604
251
541
568
366
421
674
404
411
521
436
373
577
377
380
531
308
455
554
394
402
468
421
321
510
407
294
569
524
262
581
565
364
540
463
464
485
338
487
530
387
465
443
478
371
547
497
288
558
479
335
517
382
438
508
328
467
537
367
453
492
283
438
476
279
494
549
440
288
457
271
458
553
407
449
454
431
352
584
398
363
519
398
334
331
349
507
462
348
487
562
290
536
657
513
284
578
578
551
396
517
456
587
356
514
306
455
520
418
434
458
512
336
461
485
586
372
325
523
576
406
416
571
396
374
574
405
399
592
337
321
527
348
515
494
398
501
551
468
543
305
481
508
279
558
566
658
490
270
561
459
357
504
348
468
567
623
257
587
515
553
397
543
611
309
477
502
281
550
477
278
545
550
355
353
539
451
364
530
449
515
434
451
591
521
488
