717
264
589
395
445
759
710
398
603
638
454
432
682
339
501
467
412
669
499
442
484
437
402
561
377
443
493
532
365
477
458
460
574
507
462
324
473
512
317
406
529
315
605
560
313
465
609
478
290
683
516
466
295
556
505
350
510
512
299
527
620
441
437
578
479
368
637
390
424
462
493
337
533
594
323
478
529
480
315
560
621
414
488
575
424
539
565
344
582
467
392
437
489
428
456
353
498
709
598
515
441
531
546
480
607
867
744
754
623
644
621
591
735
856
727
618
482
511
534
514
617
838
480
744
678
544
662
465
834
569
584
653
549
531
723
694
586
614
606
792
481
596
876
1039
1298
1161
281
401
727
554
570
559
706
634
765
801
682
584
653
649
578
756
544
670
551
705
755
530
803
499
565
643
737
527
648
743
757
578
749
717
747
500
943
775
574
549
544
763
796
634
636
858
1159
1110
1726
468
457
372
555
502
284
469
561
450
399
483
567
590
537
407
458
632
538
611
383
467
568
298
515
512
393
484
524
582
279
600
413
423
702
376
534
567
394
438
543
542
441
465
563
376
367
677
444
396
529
510
330
435
536
358
536
565
316
526
487
416
404
462
491
492
599
482
419
544
556
509
360
523
584
515
328
545
519
498
321
484
572
374
416
602
492
318
519
510
530
413
473
581
596
