661
789
877
1014
1008
791
804
875
813
876
888
868
661
829
755
856
871
927
803
808
693
394
717
714
393
710
912
780
488
601
764
815
775
557
471
823
899
802
653
437
803
856
615
621
449
804
751
556
626
754
649
583
788
679
562
806
927
1111
995
741
759
889
1095
851
898
667
1002
960
1087
1160
943
470
334
316
338
325
328
322
327
316
320
317
316
318
331
336
331
327
319
328
327
335
320
321
332
324
317
318
315
331
344
323
332
315
321
319
319
327
328
332
317
326
319
317
321
328
328
336
326
316
318
336
337
334
327
318
327
328
318
320
325
331
330
321
433
321
319
321
319
329
319
329
329
342
337
333
337
341
344
350
378
343
375
342
348
332
290
243
237
228
221
230
220
224
221
245
229
223
223
223
223
218
224
229
216
229
222
216
216
216
219
229
225
226
218
232
231
233
234
216
217
217
221
216
236
226
229
239
226
225
222
307
227
216
222
214
214
221
220
226
224
232
221
217
224
218
228
222
223
227
218
215
222
222
248
227
223
222
215
220
224
231
226
217
222
227
222
216
229
223
216
223
233
229
230
223
216
214
221
235
228
223
237
218
227
216
228
225
224
238
225
227
220
221
216
224
214
225
247
578
261
270
236
225
800
447
502
794
822
769
638
444
606
646
501
423
635
583
544
576
689
768
759
662
363
655
671
313
689
718
786
725
340
612
859
721
696
539
612
635
517
621
720
754
779
617
558
509
609
692
550
