291
269
271
268
286
316
308
313
271
306
366
328
321
301
283
282
292
294
256
277
279
292
273
290
274
262
259
274
258
260
266
265
261
253
260
260
270
266
272
255
274
259
251
259
262
265
263
273
307
299
318
300
260
250
252
272
281
283
327
288
291
334
306
275
278
284
335
291
300
285
305
319
314
272
259
305
286
274
298
284
279
262
269
261
263
258
262
278
288
258
277
268
258
250
255
257
255
269
281
258
251
255
255
277
263
251
257
262
250
261
262
267
325
314
286
285
275
267
256
259
284
282
274
300
293
318
311
299
302
277
419
255
235
316
262
270
225
222
298
314
267
261
267
254
225
265
320
321
227
339
267
215
278
273
267
310
273
265
256
326
281
230
338
275
279
278
304
276
349
223
400
267
263
229
266
214
288
260
283
328
267
229
307
268
276
260
220
328
239
285
303
279
286
230
298
270
228
263
218
269
338
260
264
270
265
308
293
277
306
221
334
219
302
290
353
266
256
276
265
286
285
236
326
325
236
315
326
221
324
226
315
297
321
338
327
338
317
299
314
324
360
327
372
265
300
300
274
262
307
264
272
303
311
277
232
306
272
259
228
292
281
265
339
272
259
322
274
252
215
215
304
293
236
326
267
315
296
216
234
300
305
276
267
271
226
331
260
226
260
226
276
274
281
270
275
260
268
277
265
262
253
250
280
219
327
291
263
313
265
275
286
257
249
228
328
271
280
309
260
273
273
285
220
279
285
295
220
320
316
272
266
313
267
281
264
266
275
275
269
269
316
264
253
259
227
273
242
430
378
366
297
314
433
436
306
261
275
281
301
281
268
272
257
254
255
265
250
253
258
261
255
253
261
260
267
297
280
278
293
274
254
249
255
255
275
277
267
270
273
272
263
261
249
256
264
261
277
290
265
256
279
329
264
247
244
251
249
253
248
261
282
290
271
268
266
273
269
269
274
269
289
300
285
288
278
260
284
282
288
274
269
266
270
255
250
265
268
261
263
251
261
259
280
285
268
269
277
289
275
270
260
263
263
264
256
288
265
286
263
275
264
278
285
257
243
264
259
259
259
255
254
256
258
252
263
260
272
258
260
262
258
255
260
255
274
267
290
257
268
258
272
273
266
258
250
258
256
256
265
265
273
265
305
274
249
251
250
249
245
252
248
256
274
276
272
272
283
284
258
283
289
261
273
260
261
249
253
254
286
300
254
256
249
258
261
260
270
