334
311
292
286
256
254
258
324
275
284
278
312
317
323
370
295
295
268
274
293
275
258
256
256
264
266
272
263
264
280
281
298
279
269
268
268
308
255
250
247
258
304
318
287
278
290
282
286
253
260
266
269
266
265
262
285
292
268
245
248
256
247
306
304
293
268
259
274
264
272
281
253
264
271
264
264
274
258
248
259
242
248
245
245
249
275
291
278
286
279
295
283
262
261
276
265
273
254
251
253
251
263
296
307
269
246
263
263
260
271
268
259
259
249
260
285
299
270
268
267
257
252
287
312
307
303
299
301
273
325
316
276
325
298
287
266
262
274
221
253
217
263
258
222
214
254
229
249
254
221
214
214
231
250
226
230
223
223
215
253
215
274
225
275
326
234
225
254
337
234
265
272
322
290
272
227
215
283
218
225
259
215
230
236
268
219
266
267
220
272
239
270
226
259
268
324
224
231
222
214
291
225
217
269
282
267
222
223
218
213
266
309
229
224
252
225
287
253
260
233
221
226
257
276
217
224
284
259
253
269
264
217
286
218
224
224
231
255
231
225
230
217
214
223
217
216
320
294
218
232
243
272
363
251
250
315
247
295
274
417
347
227
260
262
273
279
220
263
277
221
261
220
219
270
262
271
228
220
215
215
222
215
225
225
217
285
316
241
218
220
266
229
268
298
274
230
258
220
264
255
312
222
221
231
276
294
216
218
260
214
215
214
261
250
236
306
265
264
215
230
269
285
263
255
223
260
223
253
219
235
246
281
230
304
219
224
235
301
231
270
269
269
269
214
216
224
239
279
230
226
231
244
272
218
266
223
221
217
213
268
268
222
256
224
255
222
222
222
266
302
229
221
264
334
217
225
248
334
297
328
396
247
326
287
319
262
264
266
261
274
273
264
281
273
261
260
254
253
267
257
255
254
251
277
294
301
286
282
329
320
266
304
281
277
262
250
263
261
261
282
257
244
252
257
266
254
266
258
263
274
290
287
283
301
296
273
275
273
260
271
265
260
266
270
272
287
263
256
251
253
252
258
254
268
281
275
308
295
294
251
261
255
270
254
261
272
270
271
315
298
263
263
261
294
291
304
277
294
297
274
263
277
269
266
264
267
266
273
267
274
280
273
265
269
256
273
287
299
266
295
275
290
282
279
258
251
258
262
267
268
252
263
260
267
268
265
252
263
258
296
273
251
249
263
294
280
278
270
256
260
256
245
253
245
261
277
272
289
279
268
260
259
251
251
254
258
