377
329
295
307
275
267
271
265
293
306
332
305
283
309
309
304
289
295
318
276
274
281
278
305
285
299
271
296
287
273
266
260
250
257
258
265
277
281
287
253
263
259
276
262
274
284
277
281
281
280
279
274
298
278
288
277
258
259
258
252
263
277
262
269
271
291
276
277
268
286
275
303
283
262
254
260
252
269
258
262
275
272
308
281
261
251
245
261
264
257
271
266
314
264
258
262
269
267
284
260
259
267
261
277
261
299
283
284
296
269
277
280
309
301
264
307
285
286
283
293
277
274
229
238
230
245
224
224
224
216
222
215
218
223
214
219
218
224
228
219
221
245
226
228
242
219
223
225
229
229
214
220
225
223
228
228
224
222
224
223
237
215
216
228
216
223
222
224
222
214
221
229
218
216
214
223
222
218
223
218
216
214
214
220
227
220
214
215
215
215
221
221
230
223
232
221
230
231
221
218
224
221
216
215
215
214
214
229
227
215
214
213
221
214
222
222
217
222
217
226
219
215
216
221
220
220
214
218
232
216
221
219
220
229
222
214
256
269
257
272
235
268
239
244
280
231
221
236
216
222
215
222
221
228
224
215
221
216
215
220
222
215
222
220
220
214
220
220
215
215
214
225
214
221
218
214
221
229
250
230
219
221
214
221
221
222
221
228
239
227
223
215
223
290
235
238
227
219
237
215
218
216
223
222
215
230
222
216
223
221
217
229
222
223
224
223
214
222
222
214
221
216
216
216
216
234
222
218
215
216
221
222
220
218
222
224
222
214
223
217
233
226
242
227
217
237
228
230
218
217
221
215
220
214
228
224
219
214
222
214
214
303
231
247
234
234
238
242
242
242
220
225
272
270
265
268
261
265
276
266
285
313
305
252
253
245
252
263
252
272
323
318
327
311
287
274
270
262
280
269
277
276
271
288
251
251
258
253
286
277
279
299
271
325
280
266
251
254
279
309
282
307
277
279
308
277
271
256
256
255
259
297
284
272
256
278
254
258
252
264
281
273
264
267
289
268
284
273
269
289
274
287
281
273
262
265
264
250
258
269
264
259
265
268
275
295
260
273
271
265
287
281
291
290
277
286
298
