316
767
337
647
742
874
830
883
901
653
704
1037
985
800
975
750
819
850
931
908
753
703
606
686
694
643
645
414
624
781
781
710
682
399
744
760
803
404
677
730
620
541
627
677
414
782
687
403
688
678
502
655
596
632
571
617
482
641
416
643
619
407
594
822
771
806
713
856
997
951
911
868
801
930
937
899
742
1004
790
812
404
394
414
430
405
395
394
411
429
394
427
407
422
421
404
445
403
428
417
394
417
407
403
415
407
405
406
399
414
418
406
415
397
421
394
413
400
414
404
413
410
407
399
397
419
402
408
426
402
404
409
428
425
416
424
406
423
423
417
400
415
404
510
639
656
651
638
573
303
328
300
311
296
302
304
309
303
297
302
319
312
308
325
300
318
323
334
325
317
330
301
314
313
304
310
317
306
286
315
299
346
340
309
300
309
303
317
312
311
299
296
301
303
313
311
305
291
303
300
333
306
314
292
314
295
303
304
333
303
296
327
301
309
363
298
309
304
317
331
319
310
314
322
313
319
327
296
314
334
306
538
563
565
529
443
867
728
679
524
557
592
762
704
483
472
671
793
850
840
753
795
709
382
587
758
700
568
691
571
595
745
687
700
402
692
685
488
595
614
694
630
506
526
724
567
639
419
613
750
679
686
560
485
711
521
591
605
599
444
689
678
530
585
609
708
