362
295
265
263
258
334
304
305
295
296
282
292
290
331
294
289
269
261
267
290
273
282
329
281
264
257
254
253
253
265
260
258
251
261
265
272
274
264
278
301
277
266
264
266
263
262
256
256
264
259
261
302
288
287
267
256
252
257
266
257
270
279
300
306
308
298
377
304
344
371
269
264
285
245
259
249
250
257
261
284
261
254
254
260
256
252
247
252
252
244
254
249
266
273
283
275
260
268
268
273
279
274
259
263
267
269
277
287
246
255
260
288
279
311
317
322
343
336
322
311
300
265
214
220
222
222
238
266
274
258
264
295
263
269
294
289
258
297
255
266
258
305
262
299
284
292
270
257
285
266
256
274
254
259
270
284
273
259
283
270
283
263
255
257
250
255
266
277
270
298
249
258
283
272
307
267
274
269
273
253
298
294
288
309
292
255
303
284
258
273
294
274
261
250
302
290
291
291
276
250
299
271
283
309
260
298
268
287
292
291
300
285
284
264
298
325
292
344
347
331
341
347
321
363
259
258
289
300
273
271
265
256
256
290
290
276
257
267
272
279
284
269
292
299
251
254
280
272
276
263
261
294
256
244
253
269
279
286
310
299
271
265
296
261
302
260
286
299
287
253
261
295
259
273
299
282
271
304
289
290
267
281
267
288
253
271
310
270
287
297
273
284
296
269
305
272
281
270
280
279
294
272
272
299
295
287
287
280
257
291
274
273
310
286
271
289
269
345
314
355
355
273
262
251
251
248
257
255
279
275
282
271
280
274
258
261
268
243
252
242
252
252
256
253
254
267
274
276
264
285
280
267
282
261
266
278
282
259
276
322
309
305
288
264
265
269
267
257
272
264
267
264
278
319
302
308
309
288
307
295
304
288
301
263
254
245
248
288
299
311
294
267
259
266
257
262
280
280
291
286
272
346
267
255
260
255
252
251
288
283
252
259
254
261
270
264
272
272
263
262
262
264
276
305
284
272
254
258
259
262
277
261
323
250
267
256
264
