525
417
441
331
292
279
403
509
444
294
310
405
538
427
405
290
328
406
488
419
327
279
357
426
331
265
299
360
435
357
288
328
360
341
304
253
296
264
266
283
313
284
268
299
349
252
293
356
306
250
309
363
373
284
275
308
275
327
305
291
279
434
418
504
417
382
264
258
308
301
296
284
294
267
277
308
281
265
293
309
317
293
321
265
279
317
420
355
284
274
288
366
382
246
306
392
428
299
276
372
395
272
298
357
420
350
316
333
448
457
288
332
392
237
269
255
280
311
311
289
297
324
268
295
290
285
273
274
282
327
283
286
291
285
300
327
344
330
300
316
273
323
290
240
224
227
236
260
299
305
265
305
307
216
229
223
261
270
282
265
277
323
318
270
300
288
303
278
278
268
277
322
299
288
286
282
324
231
221
228
300
325
297
325
291
277
287
330
270
262
290
305
274
286
323
267
326
293
260
273
282
262
1388
316
314
409
325
385
409
298
337
273
227
234
285
276
286
270
281
283
296
279
295
297
305
311
306
221
218
254
279
300
288
319
287
292
241
221
221
254
287
275
289
293
290
322
282
290
297
290
273
282
288
283
282
236
277
265
341
331
307
296
328
283
294
291
305
295
260
290
279
280
347
289
286
326
284
281
287
358
306
332
304
291
275
304
298
338
274
298
309
291
308
314
304
270
286
318
315
304
345
390
361
324
408
298
390
273
367
422
364
261
278
400
289
252
304
374
370
316
258
267
363
360
270
281
340
395
407
253
268
278
257
264
298
278
292
279
315
257
275
371
315
283
328
320
313
258
299
352
414
289
270
283
387
464
464
401
327
271
283
307
291
336
300
305
328
398
377
265
284
312
267
261
354
451
349
268
288
414
400
447
370
382
310
263
319
354
325
267
279
338
370
278
282
258
301
382
262
256
