532
405
320
252
342
482
284
298
326
369
469
386
287
293
390
411
338
327
322
435
390
349
273
261
280
389
446
339
258
295
374
396
421
261
278
488
435
280
255
351
334
410
264
261
293
335
281
283
362
359
362
364
265
259
295
394
371
257
260
313
321
252
352
383
375
431
368
262
258
333
314
311
292
264
294
368
414
470
386
307
243
318
439
416
358
357
255
268
299
283
253
288
344
269
273
291
303
351
302
272
302
341
455
391
255
351
464
467
306
315
358
345
362
295
307
370
418
504
427
296
265
579
326
277
230
276
285
338
351
236
334
337
312
292
369
243
343
307
377
278
293
265
311
245
317
276
289
281
295
276
234
383
314
304
389
217
317
403
382
223
391
285
278
278
287
246
375
331
252
248
366
286
390
284
244
356
403
303
326
259
270
283
379
336
254
225
442
278
277
224
300
275
296
293
377
396
220
418
302
286
282
336
320
216
314
298
296
278
331
338
233
267
286
270
380
451
341
403
559
490
356
521
476
401
427
404
341
378
230
327
253
352
292
290
317
311
257
384
216
319
233
367
339
343
341
276
323
326
280
280
280
295
356
273
215
293
364
252
420
364
279
282
396
241
357
279
262
292
297
338
288
310
276
216
359
234
308
292
265
311
317
300
404
319
270
324
226
337
271
367
254
358
267
270
388
323
244
377
286
296
308
251
299
386
278
238
284
248
319
227
248
393
240
351
421
285
344
390
475
367
332
455
476
452
460
538
357
327
319
300
309
283
308
274
265
335
423
333
253
314
397
270
255
364
388
325
254
296
337
422
473
439
268
269
428
470
447
345
242
275
366
405
288
269
291
319
359
292
282
287
390
424
303
250
309
336
255
276
301
361
261
266
329
358
359
372
278
265
303
288
265
277
368
377
294
264
409
370
292
261
319
340
292
285
302
357
267
261
286
393
322
266
272
329
289
265
292
300
271
274
295
282
251
277
376
302
267
339
450
387
259
318
390
307
288
281
309
304
288
253
280
405
420
283
267
392
406
366
262
244
437
373
294
269
274
333
257
300
397
262
288
438
399
469
489
294
284
352
448
402
430
289
282
279
324
363
387
252
280
387
365
260
269
343
389
445
362
307
283
304
344
258
259
378
294
249
349
410
340
247
271
329
254
255
357
337
361
344
247
289
370
275
249
315
307
254
323
414
347
371
348
293
277
258
302
296
288
279
287
265
283
357
369
266
300
383
420
353
320
334
251
344
378
438
328
257
292
384
478
398
415
264
267
399
406
300
262
272
337
444
360
255
327
399
421
418
365
254
264
444
438
476
342
260
275
307
402
368
416
340
269
307
384
282
276
317
370
450
396
312
279
338
414
447
447
405
375
272
267
354
304
258
