550
422
447
404
323
268
332
449
372
284
352
402
313
290
319
345
484
456
263
282
392
348
245
338
447
432
462
407
336
251
280
386
314
386
375
275
290
370
383
279
285
342
399
415
423
402
259
312
441
458
445
451
403
268
268
424
490
513
516
453
482
435
262
290
469
449
434
274
273
425
466
259
275
402
422
548
402
355
270
338
423
365
259
325
395
416
453
497
331
305
352
481
482
538
438
553
362
224
214
216
217
222
218
229
219
213
214
220
221
214
226
220
227
214
228
215
222
227
220
256
231
244
228
245
222
217
246
233
223
215
214
220
215
213
225
236
218
249
216
236
232
257
228
214
220
226
223
228
227
235
219
223
236
222
217
222
220
214
218
221
223
217
216
221
224
223
244
249
241
219
225
238
232
227
226
224
218
218
221
222
214
224
229
220
215
220
255
234
229
221
226
220
221
218
224
219
215
221
227
214
222
216
222
215
217
223
216
222
222
253
266
240
261
227
257
268
288
278
269
267
246
248
253
251
233
264
265
258
230
229
220
214
214
220
216
223
223
228
224
222
222
224
215
215
215
219
221
222
214
225
236
239
222
228
229
226
230
233
220
261
263
235
220
239
216
221
222
230
216
223
222
230
215
238
227
223
228
230
225
244
220
215
222
227
221
227
235
222
221
215
215
232
234
224
269
234
237
217
241
229
245
227
246
234
231
231
220
221
222
224
232
237
215
215
228
214
243
233
240
224
220
217
229
220
221
221
229
224
222
216
222
237
228
217
215
216
218
215
236
227
252
267
294
258
280
293
286
269
268
220
238
266
442
372
300
299
325
430
330
255
313
326
333
246
316
384
441
341
255
310
445
255
308
448
488
261
290
436
386
452
365
315
265
360
525
336
258
356
409
257
286
394
416
459
350
281
367
416
410
454
457
250
362
440
438
384
339
266
382
414
487
419
378
265
337
486
411
344
301
305
329
298
265
277
282
375
274
328
392
314
349
328
278
355
374
347
386
384
283
283
355
322
356
269
286
367
501
455
282
284
318
263
298
436
372
270
317
389
471
461
260
332
445
487
505
393
285
285
413
493
372
265
327
396
334
276
313
448
409
351
264
284
364
424
322
256
416
365
266
348
381
480
257
276
444
411
449
450
338
256
327
398
254
297
429
414
382
459
500
477
323
283
422
431
296
289
436
403
430
303
278
373
448
338
277
375
385
299
259
378
413
418
373
255
419
346
258
326
407
268
299
443
446
453
439
251
309
454
321
255
392
426
479
431
453
430
424
304
265
438
342
263
304
455
419
509
322
252
343
387
427
406
294
272
425
381
499
413
292
279
423
327
307
279
368
317
264
313
457
444
333
258
333
416
442
436
434
454
443
448
441
407
413
262
269
383
522
448
271
282
337
304
257
