529
282
266
330
283
323
337
304
452
431
483
317
306
508
464
310
303
344
317
279
308
284
258
336
307
336
383
407
261
357
479
516
464
473
429
410
259
377
497
298
316
434
435
558
433
353
260
269
386
457
273
287
398
337
265
282
378
369
365
276
273
365
481
430
413
402
440
372
257
274
378
484
403
268
265
335
324
258
319
418
299
273
309
388
355
273
340
379
402
377
271
295
352
371
406
263
299
360
406
419
350
282
331
486
463
357
303
380
378
403
375
390
270
287
381
397
370
264
425
412
324
379
277
420
270
540
318
462
368
293
393
289
226
291
349
371
380
331
324
262
460
331
419
365
293
307
474
369
338
278
310
263
326
432
456
435
468
224
458
289
295
460
557
474
368
423
471
253
389
214
393
471
298
422
354
375
411
313
281
460
283
362
390
318
352
438
275
391
379
291
343
350
558
589
802
554
693
745
650
336
364
423
332
413
339
328
339
427
397
291
292
406
286
436
298
407
356
444
431
339
352
380
336
281
356
334
280
434
280
479
481
420
341
477
345
310
488
287
332
340
393
420
258
430
401
456
493
438
431
335
272
457
265
338
343
483
379
379
435
458
624
426
434
250
331
267
401
431
329
465
471
564
372
454
254
487
887
576
630
602
286
297
361
329
260
251
321
330
281
271
309
315
371
342
259
297
354
295
250
433
373
386
284
264
341
320
253
269
303
322
256
303
366
329
260
310
351
355
250
258
307
387
425
407
287
246
402
413
260
261
366
416
259
273
376
398
371
251
270
333
296
341
283
245
328
362
283
269
373
389
377
388
253
255
283
335
260
252
320
312
370
335
249
284
345
331
314
280
267
301
294
298
258
292
389
401
321
255
298
359
337
266
277
313
405
290
278
297
341
411
282
258
308
377
426
294
266
277
358
383
251
268
290
343
283
265
297
339
347
322
294
334
371
325
267
258
323
353
269
255
268
317
417
286
263
350
428
270
260
302
365
390
291
261
269
268
320
338
291
252
304
371
350
275
272
375
272
259
322
348
256
251
295
390
265
281
368
411
480
408
408
329
310
266
254
370
373
289
244
319
267
263
301
354
275
257
354
398
397
320
254
271
394
343
257
272
392
377
292
298
335
363
283
262
255
312
347
263
253
366
439
442
302
323
273
300
332
294
342
339
285
279
320
380
348
393
277
246
354
439
481
387
406
271
257
324
346
291
251
329
392
379
320
301
258
279
323
353
337
300
256
279
311
253
268
288
318
383
306
257
256
290
343
280
256
283
337
354
265
262
310
403
263
252
341
359
284
302
320
341
268
265
314
386
362
263
280
335
390
