633
259
664
382
449
706
474
461
628
279
557
357
552
648
354
575
717
555
310
491
417
520
547
346
471
710
313
461
532
512
529
315
595
424
408
468
440
323
464
568
438
398
563
473
343
546
426
360
650
677
548
591
273
494
615
530
254
464
649
488
393
604
576
389
474
321
577
563
485
322
541
480
309
564
516
504
433
440
581
351
393
601
417
537
472
397
469
361
532
503
413
467
472
540
497
508
649
691
375
517
517
536
563
432
807
722
870
658
667
590
546
625
824
828
613
572
535
536
510
511
725
747
503
880
517
534
722
591
731
564
680
517
644
678
677
651
532
607
828
539
492
878
901
1293
1259
892
706
524
559
563
692
510
680
942
719
708
570
626
642
673
607
584
565
826
731
513
750
608
504
611
749
605
718
736
760
631
685
669
637
558
916
754
627
553
559
780
746
687
542
848
995
1126
1030
376
530
399
433
523
577
512
603
415
454
493
602
550
331
534
524
596
468
419
478
599
412
446
602
638
491
372
493
477
357
577
689
424
421
808
347
489
562
544
335
538
565
506
329
645
477
319
538
624
584
543
308
524
632
696
288
555
525
411
316
491
497
492
362
588
480
559
520
321
514
598
580
494
306
491
333
475
572
511
425
318
682
488
522
438
662
537
495
480
341
528
492
400
530
