746
286
599
515
413
373
557
395
449
712
529
277
518
579
532
530
273
568
659
430
437
593
640
398
385
609
537
323
484
571
445
298
532
419
398
613
396
519
565
683
516
408
518
399
432
612
573
324
425
451
488
493
601
489
425
472
550
453
532
466
497
464
416
451
554
582
499
425
608
632
255
611
555
288
537
511
300
536
571
479
439
520
498
316
531
532
519
371
452
458
450
302
538
448
433
629
457
595
410
392
697
587
377
478
621
598
363
574
544
613
425
281
286
349
353
298
302
321
233
243
359
333
314
282
262
285
315
286
291
279
266
297
339
307
262
293
371
311
365
288
291
267
227
225
307
280
283
221
282
291
276
292
302
348
301
301
293
304
290
249
245
330
299
267
298
280
291
297
271
309
302
274
219
266
296
333
257
258
250
214
244
255
272
324
290
219
261
291
256
251
328
310
271
290
274
305
263
271
270
316
270
289
319
315
323
406
290
282
330
430
380
403
412
409
439
487
321
429
442
242
218
262
309
256
247
314
325
301
243
286
304
285
252
256
267
307
367
377
342
270
229
268
358
299
257
290
346
400
335
285
254
233
255
302
327
256
294
400
358
316
269
232
328
321
270
285
296
292
283
301
322
296
319
323
304
296
237
299
350
364
273
286
333
273
282
340
301
274
283
334
283
305
249
228
316
304
321
294
257
222
327
320
241
225
307
347
394
403
345
348
367
322
328
352
393
448
398
267
554
351
480
499
337
503
556
254
610
547
276
534
636
289
535
456
614
312
569
518
320
516
464
335
497
434
372
460
475
338
439
394
274
554
543
268
552
708
308
511
607
476
454
434
452
453
505
426
377
423
358
484
562
337
357
348
453
335
418
616
465
327
483
402
383
498
474
374
466
541
446
288
520
486
437
376
474
367
388
413
350
446
456
403
574
354
394
585
432
491
397
460
450
471
412
486
322
587
565
370
399
557
333
506
412
257
477
303
469
628
283
475
525
341
464
396
417
428
512
433
377
422
349
429
505
568
472
272
632
576
318
455
598
405
391
527
322
366
503
341
608
483
441
577
436
415
523
373
470
546
418
413
519
669
551
274
494
326
454
396
368
554
511
323
521
573
455
298
548
356
504
559
347
471
472
297
553
338
405
450
296
522
557
502
293
516
570
492
497
366
482
538
493
476
