718
528
573
670
315
537
734
529
518
550
351
490
571
518
531
477
602
571
524
295
585
512
295
538
396
459
651
482
501
385
521
472
376
471
485
590
327
446
521
636
349
503
527
525
401
510
580
408
436
628
400
371
512
503
270
535
620
662
439
383
598
565
368
443
471
476
415
641
578
336
562
623
350
412
438
449
435
480
447
421
438
217
226
222
245
274
275
269
236
218
222
227
269
234
220
227
220
276
268
256
228
302
235
221
229
292
226
223
230
222
248
300
227
220
216
224
266
277
240
227
225
225
295
229
221
231
227
230
233
245
223
229
241
220
223
235
230
245
227
226
217
242
269
243
249
216
250
221
216
232
228
245
272
257
222
236
223
224
220
220
222
229
223
222
221
234
253
256
285
268
222
226
234
268
229
225
221
222
240
243
221
221
229
224
242
235
229
265
301
252
279
311
264
230
258
281
301
270
295
285
235
277
323
317
292
255
260
262
295
280
252
264
248
257
309
252
243
292
243
241
256
255
259
239
222
238
231
222
214
224
217
277
235
234
223
222
234
217
221
237
260
224
281
229
238
215
224
217
221
214
222
234
243
274
269
216
222
225
255
258
243
222
241
297
221
214
248
246
235
242
236
238
245
247
228
237
266
239
247
231
235
232
235
227
228
214
246
272
248
244
228
243
226
214
227
223
229
217
236
239
214
232
219
220
225
225
290
280
221
220
219
240
261
215
231
234
228
220
244
244
282
221
234
227
242
249
258
364
285
256
239
316
326
290
248
309
305
364
274
241
271
243
308
272
305
289
273
320
259
252
249
533
275
621
434
363
653
533
534
334
673
471
401
459
469
417
447
648
485
281
621
580
509
430
409
551
567
548
262
565
500
395
508
609
468
379
499
624
408
447
572
272
492
531
356
494
540
365
412
588
540
442
294
541
545
442
458
533
512
321
564
591
423
408
468
350
461
705
644
488
449
403
488
440
356
540
350
475
525
478
379
499
371
421
481
379
493
484
423
405
564
524
283
606
624
252
552
512
324
492
447
380
635
514
