647
351
451
575
405
522
607
349
471
471
392
611
390
431
485
486
449
515
602
564
537
337
530
502
395
435
603
436
353
486
510
370
582
528
265
606
366
496
586
335
475
376
390
472
413
414
493
270
460
546
454
367
518
349
475
537
278
479
498
501
362
473
465
394
449
439
366
480
531
305
467
490
423
383
530
412
487
519
464
271
535
341
472
449
359
548
430
544
372
421
706
575
314
580
560
349
633
481
341
469
782
709
610
599
618
563
550
557
564
678
533
635
518
397
699
474
690
602
656
730
622
670
641
606
577
652
648
742
575
593
640
531
502
774
604
513
632
573
461
576
693
624
460
471
418
324
747
677
941
1121
1066
775
879
610
535
363
480
604
542
607
567
545
786
674
734
637
525
632
628
476
598
497
793
633
683
657
581
635
556
555
472
642
580
560
597
600
512
475
542
618
451
639
691
647
634
532
722
636
528
592
500
519
912
1141
1028
2060
405
454
420
497
514
455
425
524
625
723
368
479
634
467
495
463
571
272
421
463
376
454
537
301
480
791
475
461
464
416
394
556
455
537
325
548
521
579
474
431
541
560
537
517
305
536
508
456
605
526
449
525
438
525
563
541
383
391
682
648
477
412
467
358
535
510
533
326
583
507
514
361
