364
337
308
287
288
291
300
357
324
298
327
324
285
284
259
258
248
260
275
267
277
292
271
277
278
268
265
263
288
270
265
276
284
291
256
254
266
315
293
248
260
258
268
270
269
266
270
254
248
252
267
269
251
256
259
295
297
288
279
277
303
265
316
313
268
254
263
265
323
351
310
278
299
278
299
283
290
259
328
301
295
283
267
272
263
262
271
261
255
265
294
267
258
259
254
248
253
252
260
257
281
308
264
268
334
340
280
281
261
285
283
279
304
285
321
344
301
284
283
279
256
216
223
233
256
266
272
261
262
296
259
285
294
290
258
294
261
266
260
305
241
241
223
215
215
258
262
291
251
266
265
262
251
263
244
229
222
223
222
252
277
269
246
249
259
256
274
274
263
287
265
260
272
269
290
265
295
258
277
260
308
294
287
288
293
267
298
282
268
272
285
271
264
264
298
298
284
279
285
256
285
270
293
296
273
288
267
286
295
295
296
293
270
277
288
328
311
332
359
342
340
342
308
354
262
262
286
303
275
257
263
267
247
292
290
282
266
261
262
282
291
268
285
286
255
274
281
272
273
263
267
273
248
256
268
263
269
294
300
291
275
274
296
265
309
259
291
289
285
259
263
277
258
276
297
278
271
304
286
299
274
268
272
301
256
267
297
264
288
296
276
299
284
276
305
271
271
272
296
276
286
264
275
297
297
302
287
280
258
286
277
267
290
295
271
292
285
321
345
346
350
272
361
296
262
272
277
307
284
271
256
250
250
252
263
251
253
247
260
260
262
265
273
274
263
285
260
257
250
250
261
255
269
280
255
262
251
258
254
265
288
304
264
266
256
260
255
249
256
258
285
277
310
335
274
252
255
259
259
254
279
295
284
282
285
280
248
243
269
287
317
316
285
267
256
253
251
265
281
279
295
278
296
279
251
254
250
255
253
304
281
251
258
259
266
269
266
281
270
252
254
260
271
270
290
267
254
253
246
250
255
253
264
249
262
277
285
259
257
