286
265
272
259
299
312
320
284
316
322
305
339
375
348
347
328
321
259
264
254
251
248
267
298
298
297
273
275
266
251
252
273
255
254
254
263
298
307
261
266
262
264
264
271
274
278
275
292
307
308
352
322
258
258
250
259
258
279
283
281
274
249
256
249
253
252
294
303
273
260
252
263
263
258
296
278
315
279
271
269
292
274
262
261
257
248
257
258
259
283
288
271
262
266
307
271
267
269
262
266
266
266
266
260
260
265
254
273
258
279
270
307
341
296
265
269
248
259
267
259
267
307
299
308
335
281
289
297
299
331
379
253
280
278
265
267
268
273
257
262
267
264
265
223
267
247
326
272
265
275
275
310
237
250
228
267
315
279
268
269
257
268
276
290
235
230
321
313
225
298
252
323
264
239
227
327
224
337
270
276
277
254
291
277
266
267
225
300
284
282
277
247
299
281
232
297
275
266
274
227
305
296
314
278
272
275
280
297
266
310
214
348
267
220
272
298
270
222
309
228
326
280
234
291
271
260
216
229
413
258
286
286
271
250
335
341
295
353
315
330
308
252
400
413
346
258
255
281
268
230
264
257
255
267
380
263
271
259
283
225
276
274
278
305
284
277
222
319
261
235
273
223
323
282
277
277
270
324
294
224
263
305
268
261
234
281
276
268
263
266
260
271
331
263
248
270
309
224
311
234
264
300
219
287
279
267
280
250
218
265
260
254
273
258
255
222
360
270
264
221
291
222
312
267
258
214
323
263
386
255
217
263
313
216
319
273
233
268
268
223
268
225
368
272
266
230
270
222
275
287
314
347
291
376
295
476
445
303
286
321
277
290
256
264
253
256
277
276
269
257
263
257
250
260
260
261
285
292
277
256
256
284
266
267
258
259
260
292
309
274
265
267
259
250
247
253
267
259
294
287
279
253
265
290
330
308
282
275
259
292
268
291
267
266
259
254
256
257
314
287
280
280
281
290
303
265
274
254
262
249
252
259
260
251
257
265
275
261
260
268
256
263
257
256
265
299
282
264
257
258
274
268
260
266
260
263
261
255
280
273
264
277
285
261
273
302
274
265
261
249
256
255
258
249
257
244
258
252
255
263
260
264
269
268
260
261
260
265
283
275
270
278
263
252
280
260
261
258
273
265
258
253
256
263
257
286
299
268
260
261
258
249
270
280
280
291
277
257
261
256
296
275
276
270
261
262
283
268
294
280
302
251
249
263
265
271
271
271
264
