354
290
255
261
260
259
259
259
250
281
287
304
275
298
293
305
286
284
292
286
290
257
264
295
274
281
261
297
279
292
254
269
250
260
276
271
270
248
245
248
266
276
273
270
266
261
254
257
264
268
272
265
276
298
300
275
288
304
290
260
264
258
256
275
270
272
273
285
294
292
267
253
249
289
302
270
258
255
252
259
261
248
256
273
274
251
261
252
247
261
263
272
270
287
289
257
249
265
248
262
259
255
275
285
285
283
255
265
263
259
270
252
265
283
263
286
296
306
307
308
290
356
278
283
305
223
223
221
225
215
222
225
223
215
223
234
215
232
230
227
235
215
216
216
214
221
221
251
221
221
231
228
228
221
228
232
220
216
222
221
214
222
220
214
221
215
215
221
221
222
216
222
226
219
214
214
221
220
229
222
220
214
221
222
214
223
223
216
214
223
223
222
216
239
235
222
216
216
229
215
222
214
229
222
217
215
229
216
223
224
222
229
228
216
221
222
214
227
233
215
223
216
229
224
214
216
222
214
216
221
218
223
221
229
218
217
222
224
281
263
273
261
239
272
247
257
244
279
236
257
230
233
225
246
225
228
224
220
223
217
229
229
224
217
216
224
216
214
223
223
232
222
233
232
214
217
221
221
221
244
216
224
221
214
216
222
222
223
236
237
216
234
231
221
282
227
242
229
222
228
227
234
242
216
235
214
214
215
215
221
226
214
219
224
234
229
214
227
223
217
223
214
221
221
222
215
214
214
229
222
214
226
213
215
214
215
216
220
221
222
215
219
231
219
223
222
222
222
222
214
215
217
223
216
216
225
216
215
215
221
214
222
241
259
253
249
232
254
247
243
244
241
250
259
262
258
263
259
282
263
296
284
303
360
262
260
247
254
266
252
265
269
289
286
259
263
260
253
246
274
254
252
259
262
278
325
305
267
254
257
252
251
265
262
287
301
366
284
275
261
251
260
261
285
276
272
294
294
255
263
254
268
256
292
261
294
276
292
264
271
288
270
274
254
255
253
257
267
266
270
273
280
273
283
278
303
274
282
288
285
284
279
265
283
279
265
281
258
257
251
262
251
252
257
265
271
290
281
304
