333
864
736
528
534
856
796
948
868
814
589
852
845
922
796
745
765
809
811
818
943
648
703
674
634
609
603
637
752
742
716
409
675
711
695
440
701
803
690
505
559
641
657
436
699
562
582
747
503
636
656
450
565
615
626
585
690
524
651
566
405
722
670
421
703
913
1082
957
1043
1007
964
930
719
900
1078
779
916
912
771
800
320
372
409
429
400
399
390
414
418
403
429
407
423
415
409
435
415
423
411
398
421
401
413
406
405
415
407
402
401
415
416
408
404
414
399
408
410
411
420
403
406
403
402
401
415
404
415
424
406
404
402
420
433
411
421
410
430
418
432
392
423
408
520
636
624
651
648
548
321
339
310
298
311
300
302
314
301
305
297
311
314
311
310
314
317
323
334
321
318
323
308
313
303
304
315
323
298
296
312
299
336
337
315
319
300
304
311
306
305
302
301
302
300
313
306
305
297
302
300
340
305
309
297
314
297
300
310
318
303
308
318
304
315
362
298
307
308
317
316
315
308
336
312
320
322
324
302
307
326
308
551
537
574
556
434
837
744
732
608
541
597
654
776
652
686
421
595
805
746
826
546
409
760
710
727
646
441
720
562
648
395
732
721
638
631
532
637
609
602
561
570
758
634
574
579
621
635
677
759
677
376
562
770
501
539
644
620
634
552
745
666
537
591
613
696
