330
310
298
292
290
305
327
316
286
302
284
293
285
291
302
309
288
312
284
262
258
266
260
258
265
253
251
256
254
270
276
295
264
254
249
254
272
250
246
257
299
285
257
253
243
242
260
277
259
263
256
275
262
261
264
274
265
259
251
261
254
264
274
323
305
297
266
256
259
243
245
259
244
250
245
253
259
277
268
264
267
256
258
267
267
273
267
264
287
282
261
266
257
264
270
256
247
255
262
265
257
301
323
314
294
266
249
262
278
272
266
259
258
258
251
261
298
303
290
282
270
266
298
306
293
350
351
285
338
335
291
267
312
284
299
293
263
214
320
222
284
269
271
228
256
258
274
301
273
242
215
246
222
223
216
217
224
229
231
232
272
230
268
287
258
265
277
287
266
227
214
216
231
240
220
257
227
222
218
251
232
241
263
217
343
217
220
231
221
220
223
256
214
266
216
230
323
287
264
216
222
230
225
262
217
248
224
220
222
233
232
270
224
220
227
226
215
216
257
236
233
217
224
220
258
288
233
272
225
259
254
262
259
227
283
270
302
218
232
280
286
215
229
229
215
223
220
277
250
224
259
225
312
258
242
305
226
252
328
340
309
244
350
252
340
268
214
277
290
275
230
231
317
222
226
272
221
221
229
214
222
229
269
223
219
226
251
272
269
229
215
276
262
284
299
281
214
221
260
273
250
313
270
223
222
233
241
221
232
225
230
224
245
273
262
226
305
306
234
216
215
274
232
222
242
282
229
222
222
227
236
318
255
261
272
235
217
278
260
228
215
214
298
234
271
228
287
271
235
220
214
261
226
224
262
218
225
217
272
215
272
261
222
222
259
263
223
221
222
215
304
226
306
274
295
233
230
281
311
298
334
228
257
344
316
259
261
258
253
274
272
263
264
255
266
266
260
262
276
256
256
247
265
250
260
252
268
292
287
275
339
316
279
276
256
258
252
267
273
269
289
312
267
253
264
250
278
258
248
259
251
253
271
295
277
291
287
283
287
254
267
299
262
269
260
266
266
314
303
265
265
262
247
252
245
253
254
261
287
296
261
264
259
255
263
252
267
283
283
283
295
297
270
260
268
270
288
289
271
249
249
253
245
265
261
278
277
258
257
258
253
255
254
261
258
259
261
260
290
288
276
276
286
276
305
288
297
264
262
261
267
269
257
258
274
264
275
263
264
276
294
283
304
304
280
287
270
269
260
255
247
252
250
265
275
273
272
303
279
289
286
281
281
295
280
248
244
251
