679
630
613
651
825
990
826
820
863
761
788
906
1007
840
895
952
872
638
706
778
764
812
631
503
672
603
425
822
908
729
391
677
755
899
858
797
398
668
865
840
826
633
630
603
603
620
623
747
684
495
654
826
672
543
799
769
630
781
1024
1080
999
1026
1139
1073
1117
1002
869
650
1067
1060
998
340
340
331
327
337
322
338
319
327
335
321
319
316
319
322
330
315
318
317
319
317
327
321
336
322
336
319
316
326
326
320
328
316
330
338
326
318
316
319
315
316
321
328
334
326
325
316
326
328
334
329
316
338
326
330
327
338
317
336
317
320
318
326
429
316
328
321
330
329
329
316
341
322
340
333
319
318
332
333
434
335
351
335
331
339
338
214
224
223
221
221
216
223
215
221
216
216
214
221
217
220
222
222
221
214
214
223
214
311
216
222
216
215
215
217
214
223
214
221
214
216
216
216
222
214
214
217
232
227
216
215
311
216
216
218
216
216
223
216
236
227
217
220
215
217
219
215
221
217
219
221
216
223
221
294
223
215
214
221
215
217
233
225
217
226
215
222
215
226
220
227
234
219
220
214
216
217
271
224
240
220
221
223
214
215
215
221
216
215
214
214
219
223
215
214
217
222
221
218
238
503
266
258
270
229
862
789
838
813
785
641
461
643
611
683
320
644
670
741
733
750
338
661
652
516
525
716
743
801
880
790
781
825
679
524
621
567
481
628
777
581
399
617
685
626
468
597
610
659
581
