509
429
443
347
276
317
392
497
428
355
290
408
489
321
308
317
449
502
470
396
293
267
399
429
406
284
258
333
419
294
274
320
288
342
287
328
266
260
307
297
296
261
311
361
274
276
349
374
371
349
311
314
350
326
292
330
338
261
297
370
417
296
258
413
405
422
340
330
313
261
326
298
321
262
332
281
281
278
341
333
300
379
272
305
299
410
330
286
288
257
334
468
359
264
274
394
406
382
383
345
311
400
326
301
343
382
346
325
399
519
467
221
239
255
270
326
300
271
218
222
221
251
281
221
222
229
218
261
278
315
290
264
295
301
311
314
344
333
308
294
284
322
312
326
253
246
215
232
214
301
276
281
311
335
275
299
274
291
273
259
324
305
300
289
289
325
271
270
273
289
317
292
285
287
293
326
314
317
313
329
289
344
301
275
269
318
258
215
215
220
247
272
285
308
267
334
271
265
268
216
221
222
214
295
394
355
322
323
404
341
377
412
301
306
254
251
257
290
303
270
280
287
279
284
310
279
292
309
311
305
351
303
306
294
293
314
294
301
327
301
263
272
299
306
304
297
285
321
298
278
295
277
268
289
276
258
252
282
280
321
347
300
280
337
275
287
295
320
304
280
272
287
290
327
278
291
320
288
308
295
332
332
318
288
280
301
291
320
334
283
274
324
295
285
321
305
271
301
326
290
330
318
366
368
336
390
325
413
259
321
420
278
253
394
425
352
270
261
330
307
285
277
302
424
394
397
411
421
253
260
311
322
257
260
278
298
310
301
252
265
326
336
251
300
351
270
249
297
338
403
273
300
345
391
413
342
252
363
425
356
358
413
303
320
293
300
333
282
269
305
414
415
448
365
468
363
268
285
376
419
307
268
315
366
433
276
270
368
350
362
375
401
287
251
267
303
368
328
