555
414
367
279
285
387
311
301
332
411
267
315
431
295
334
323
330
426
404
273
299
396
266
275
393
432
393
301
349
370
329
266
253
315
339
371
298
262
293
367
262
283
397
368
256
254
380
389
375
253
359
423
384
278
299
434
412
389
273
350
416
499
268
305
426
460
476
474
514
434
336
265
357
444
401
256
331
382
463
521
322
252
368
435
492
327
264
351
372
393
451
509
442
371
308
394
436
551
430
266
338
340
214
223
230
216
214
216
214
223
217
216
219
228
222
225
225
216
222
231
237
227
221
214
218
224
225
238
239
225
216
234
240
249
258
222
221
229
227
241
221
227
215
215
221
231
214
226
224
228
220
228
236
227
220
234
231
247
216
215
221
229
213
222
221
221
227
235
280
248
214
222
224
223
217
224
214
221
214
223
217
223
216
221
222
222
222
214
223
222
222
238
225
229
231
217
222
215
223
230
217
223
223
229
221
223
215
215
221
221
214
220
221
227
228
309
277
324
292
288
278
274
262
264
248
242
240
268
248
262
275
279
295
249
244
228
233
227
214
214
222
215
219
217
223
221
215
220
224
234
237
245
240
237
237
223
214
220
232
237
224
228
250
214
220
223
225
224
225
217
229
225
214
216
217
268
235
230
216
222
217
216
224
216
232
214
223
233
225
225
246
237
226
232
237
216
224
225
222
223
214
222
244
241
222
223
218
239
223
224
218
224
221
230
226
226
239
230
217
221
214
216
236
232
227
244
242
235
228
231
219
223
225
223
214
225
220
225
219
219
221
220
287
293
289
267
276
271
241
253
243
242
249
244
223
252
385
378
296
289
374
416
417
401
377
362
289
287
359
450
426
415
300
269
401
266
273
492
467
497
383
471
369
377
336
305
426
493
456
330
258
344
397
396
264
295
392
498
432
415
483
401
252
384
460
396
277
267
412
440
442
413
265
283
445
452
338
259
362
419
337
271
262
299
316
329
297
261
299
308
366
347
353
398
300
285
288
327
396
478
284
273
439
284
318
341
410
251
360
446
454
348
251
325
341
289
334
368
260
276
434
476
274
308
427
487
442
309
257
438
430
482
340
260
343
413
313
276
347
427
398
262
271
418
392
334
257
320
458
407
261
314
385
257
289
424
324
262
302
441
421
293
273
359
384
292
315
440
394
375
265
262
514
372
272
372
434
452
464
493
359
264
326
424
442
460
490
352
258
322
397
444
407
351
265
379
497
266
277
377
489
332
250
348
480
401
261
350
391
378
258
355
462
444
380
271
343
427
396
425
422
251
360
402
420
263
283
361
521
411
399
323
258
321
480
426
397
265
278
452
420
486
426
258
278
377
263
280
386
398
471
420
321
265
359
401
454
406
263
275
383
401
298
270
354
403
366
258
309
390
399
257
366
442
453
318
277
