527
434
425
280
302
382
385
296
300
311
371
321
279
309
282
293
371
442
447
250
277
397
338
351
362
300
268
325
292
275
360
365
458
437
437
517
485
404
332
299
263
310
413
348
266
260
354
380
371
325
265
272
361
376
366
440
398
366
270
282
370
390
365
314
250
278
368
370
298
283
254
270
325
267
261
365
446
271
250
318
409
280
309
317
384
396
281
271
273
344
328
263
270
294
347
354
366
272
259
332
330
259
319
359
525
464
415
319
299
350
304
293
322
396
314
318
340
338
297
307
402
500
351
266
215
315
321
292
357
241
288
275
378
330
312
327
218
384
351
359
220
299
277
254
267
279
270
284
281
286
373
385
326
278
296
360
262
410
287
328
380
292
324
284
282
246
380
326
231
269
314
222
383
320
278
294
358
372
271
246
329
297
261
308
332
271
273
376
229
235
240
322
243
294
239
359
404
266
337
379
289
295
276
337
237
289
271
320
321
224
349
276
275
332
256
330
391
316
398
561
537
399
360
611
443
351
427
303
291
314
261
266
231
365
295
295
351
318
268
370
222
327
269
243
383
285
346
276
398
288
324
214
316
324
315
285
260
323
361
262
410
322
263
399
331
367
254
323
262
292
314
216
366
241
284
323
293
221
245
360
281
343
271
349
352
326
319
279
327
239
391
342
380
251
275
390
323
243
425
247
278
318
249
306
387
283
236
290
323
315
272
293
336
290
326
444
234
431
416
374
390
381
387
467
509
353
537
337
377
278
338
293
264
310
330
267
273
344
267
285
339
434
396
261
250
385
354
347
250
268
385
369
250
335
458
443
484
295
273
336
390
361
277
249
296
310
249
275
367
364
333
242
290
296
253
310
390
304
245
285
334
361
268
265
316
367
363
447
308
262
307
296
353
333
277
335
282
255
322
382
352
410
321
275
292
401
390
263
278
295
320
358
287
262
288
351
269
287
272
311
260
259
314
278
257
278
265
266
378
371
258
309
329
252
354
334
337
280
250
269
375
372
395
251
274
418
502
443
396
371
369
252
331
407
319
433
434
298
268
408
479
384
466
493
472
258
255
410
370
357
250
263
365
327
317
259
338
404
395
345
260
269
362
404
426
300
250
268
352
245
285
398
412
437
284
258
362
377
334
271
268
322
389
262
263
321
330
402
362
257
285
340
438
259
262
354
331
392
342
287
302
281
291
307
300
262
267
283
299
348
409
395
258
267
362
400
318
411
352
254
268
374
299
247
370
379
265
256
422
414
440
386
280
265
316
355
395
311
288
364
416
419
428
415
426
341
248
363
407
374
258
279
337
405
423
321
416
330
251
312
365
302
259
305
408
415
255
271
372
376
249
333
375
362
249
312
397
421
398
361
265
