563
490
385
312
292
291
327
422
359
298
338
478
309
340
403
275
319
377
365
299
274
308
285
323
338
295
332
501
491
488
509
449
412
288
344
371
408
276
457
485
426
302
267
478
445
369
260
273
381
448
423
261
293
374
273
265
331
389
339
481
384
442
257
270
386
287
287
346
412
392
404
272
276
361
392
261
259
329
265
303
380
420
267
266
327
393
439
417
261
253
351
484
424
391
361
253
323
380
387
429
368
281
317
477
506
402
342
280
351
370
385
345
286
274
445
398
410
265
428
398
292
415
246
464
261
542
360
428
430
300
372
289
324
330
426
387
290
331
290
461
349
415
406
298
298
436
378
331
318
264
261
330
418
456
404
419
264
417
337
376
430
551
514
423
378
472
298
400
352
389
377
311
405
375
385
404
297
375
331
377
276
523
251
499
266
405
386
376
289
269
499
544
742
748
610
740
696
271
392
382
334
462
330
379
336
298
372
397
289
248
352
329
396
351
407
498
433
352
340
342
431
335
377
288
411
360
329
402
593
436
267
460
337
338
480
361
379
347
387
383
254
427
348
511
497
480
386
380
224
463
307
345
346
428
380
423
391
450
690
365
396
292
286
263
300
353
419
330
511
530
457
425
505
421
892
572
621
573
298
313
298
294
295
344
272
263
264
356
330
278
253
300
366
349
426
260
273
436
417
390
411
253
264
312
262
263
317
397
351
262
251
322
400
252
267
343
309
257
261
346
404
283
254
348
445
447
405
312
256
363
417
430
410
315
255
293
355
283
287
259
294
349
358
315
280
370
375
374
438
357
292
269
260
343
267
275
248
287
260
253
280
286
285
269
359
363
323
295
387
257
266
375
366
355
280
261
339
382
359
291
259
358
359
339
310
253
321
422
412
377
469
361
410
367
349
271
278
307
296
248
248
289
295
269
316
369
249
267
345
389
314
267
251
318
305
349
357
256
281
424
384
267
284
355
349
414
297
270
261
284
288
285
256
274
339
431
422
370
397
325
275
263
352
269
264
326
287
251
291
398
388
265
257
402
331
255
289
315
298
287
267
338
382
414
265
319
269
335
256
311
330
412
259
282
325
366
379
422
390
331
248
336
467
401
368
272
282
273
285
310
261
268
377
383
289
252
363
298
389
316
252
322
331
349
338
289
256
323
340
383
360
384
417
274
278
327
260
283
357
363
259
274
328
363
294
270
310
369
320
351
356
367
253
258
289
324
266
274
295
305
364
319
251
276
306
344
273
265
291
333
325
358
337
259
300
346
324
254
307
379
313
270
344
316
260
248
288
326
262
261
355
389
284
280
299
