788
725
334
521
730
452
480
746
379
516
709
680
305
578
457
411
698
490
431
530
426
373
586
589
368
501
523
477
395
414
668
389
430
493
429
373
452
568
321
428
698
434
344
581
466
359
559
538
520
343
549
601
382
404
532
534
333
528
542
327
544
601
351
507
620
257
537
502
306
551
517
338
458
545
492
420
398
665
546
377
573
474
375
451
456
519
373
468
443
418
539
465
426
479
532
722
647
431
555
350
565
522
428
753
725
822
673
701
556
585
670
881
792
602
614
539
494
513
557
760
661
493
844
560
490
760
544
690
587
659
476
628
668
638
562
639
651
651
749
443
781
930
1051
1205
1028
374
757
514
563
564
696
465
785
878
728
660
656
648
582
707
583
618
560
721
739
510
710
613
540
568
752
604
699
704
801
613
714
666
576
610
816
753
740
405
609
732
731
709
590
769
1016
1052
1067
332
306
549
460
423
417
485
368
425
536
455
385
488
547
581
460
361
489
626
432
339
529
576
464
469
586
619
301
486
570
442
444
553
597
277
529
483
551
563
463
372
567
407
436
525
585
285
573
569
681
365
369
612
523
345
443
492
386
572
634
281
491
459
524
441
501
422
540
521
463
410
496
513
395
437
613
549
282
485
548
363
355
572
530
406
491
488
376
446
535
451
363
497
518
391
414
573
660
