878
373
444
603
565
392
341
593
288
547
607
536
556
422
458
578
655
717
343
449
575
291
532
538
593
395
428
541
558
392
416
590
704
322
516
593
471
386
593
353
422
522
515
457
586
549
299
512
477
433
481
527
416
465
549
459
424
615
516
499
456
371
475
618
580
387
479
640
499
379
609
449
360
636
527
296
517
602
406
465
513
461
402
499
516
322
479
470
419
345
497
572
389
499
592
477
630
410
366
576
489
420
612
532
381
454
630
502
422
426
442
272
302
307
324
286
327
262
262
280
348
310
286
260
286
319
306
253
282
271
301
300
318
259
220
217
272
348
327
353
287
293
269
237
232
286
284
233
239
271
273
280
280
340
345
297
278
309
299
241
271
272
286
269
320
285
283
261
289
316
324
302
257
255
299
294
324
268
271
307
278
274
315
298
263
270
283
315
270
257
320
341
281
265
282
280
280
267
282
312
281
276
288
338
348
372
270
284
371
418
372
409
423
371
416
434
332
491
326
273
263
293
279
250
278
316
365
282
246
292
282
295
248
262
262
316
365
373
319
290
227
279
317
302
284
283
339
370
298
249
255
261
302
308
252
318
346
391
377
332
273
263
303
317
279
245
296
289
305
303
328
274
323
333
318
285
239
289
335
360
308
281
318
251
306
350
279
237
334
305
296
259
247
272
314
308
326
265
223
281
350
332
292
257
260
360
409
400
406
307
304
381
273
323
408
432
403
648
307
539
415
429
489
283
504
397
404
548
397
415
702
334
445
530
456
334
600
422
324
546
491
334
478
410
384
472
519
274
435
492
375
525
527
367
467
652
392
362
430
348
427
412
458
385
431
521
467
358
484
628
409
388
510
341
541
350
406
601
462
441
427
526
465
441
448
452
308
459
289
411
512
361
350
635
498
360
424
435
359
503
518
342
437
495
279
536
456
430
424
488
434
397
460
510
307
606
600
538
342
532
543
269
516
576
376
508
515
547
377
476
302
448
465
475
345
430
587
473
265
524
449
444
351
618
454
381
529
505
279
568
545
290
545
503
597
317
579
474
372
525
521
372
568
395
440
514
309
546
573
416
420
549
320
395
397
380
533
450
303
524
412
439
547
487
334
558
400
348
621
321
452
614
383
349
553
368
401
540
526
357
387
553
372
406
495
512
404
394
568
597
535
