1059
513
440
602
615
350
645
535
382
565
512
439
553
384
377
492
541
421
613
476
648
435
327
586
774
361
520
511
507
557
277
508
514
531
403
506
540
458
371
546
607
386
410
494
350
437
592
384
422
602
320
439
553
528
312
487
552
649
390
454
635
446
376
510
498
387
460
538
362
586
568
307
634
564
459
496
431
507
569
469
269
256
263
234
229
222
214
247
272
214
214
228
234
270
222
220
226
231
269
280
219
294
244
227
221
288
223
226
225
232
246
316
268
273
249
231
235
218
228
229
239
246
244
228
238
272
237
228
218
221
241
228
243
228
225
231
241
232
242
242
223
224
219
219
234
270
220
239
241
214
216
249
226
297
252
239
252
219
239
231
214
213
224
215
258
248
284
309
223
218
228
269
237
228
224
222
244
214
227
224
214
220
246
246
238
228
295
274
241
254
241
247
257
273
244
252
300
277
274
292
274
254
256
357
345
305
306
252
246
274
273
275
316
376
323
261
249
266
321
230
243
228
230
230
214
218
246
245
223
221
217
249
232
218
241
221
222
234
215
229
223
238
246
223
228
241
243
230
241
223
239
244
214
272
236
222
221
230
253
259
215
228
265
283
234
217
236
247
248
239
280
225
222
214
237
245
259
258
215
233
250
217
233
283
233
224
223
231
251
221
250
254
218
215
224
233
220
215
244
224
222
221
222
231
222
238
308
250
216
221
237
230
236
249
268
223
224
217
215
256
276
222
217
230
249
275
331
320
281
240
260
311
287
239
308
288
291
256
259
255
287
297
293
250
336
317
296
227
234
228
241
599
373
398
646
592
309
530
522
629
368
535
493
402
365
514
446
466
499
500
429
544
562
437
400
456
643
504
409
498
568
559
441
406
600
568
281
535
383
465
526
455
298
651
497
417
453
601
471
538
367
448
512
429
409
514
620
330
507
585
497
362
477
469
387
553
664
454
394
498
521
341
492
519
485
379
549
546
500
380
538
422
392
526
470
415
492
562
313
489
600
346
458
723
532
313
484
336
461
604
459
354
593
