800
462
355
536
681
304
551
437
430
613
406
513
592
439
508
770
678
663
548
284
572
356
406
561
474
277
543
340
427
561
265
560
628
331
479
517
297
506
292
544
494
311
498
469
323
491
405
308
567
466
342
524
294
472
552
414
473
451
445
430
497
562
427
343
411
348
410
540
354
399
559
435
377
433
322
514
503
600
324
512
440
337
580
470
531
501
355
541
277
600
455
323
612
368
432
494
343
713
475
718
752
652
429
694
568
430
540
686
686
594
646
509
444
739
471
651
595
716
721
611
638
642
595
532
699
659
827
566
601
638
504
498
719
606
513
545
545
569
625
652
652
429
470
460
423
753
636
1042
1036
1152
764
324
394
650
507
417
484
632
642
466
575
577
762
652
651
677
526
670
593
474
554
563
772
638
681
656
587
680
462
508
508
635
502
558
601
607
544
476
543
581
426
586
760
687
640
563
732
642
575
550
603
559
967
1191
962
267
311
453
473
430
406
423
573
403
476
452
369
535
617
752
392
480
560
463
347
562
584
269
543
593
466
369
528
560
698
270
727
547
599
404
552
363
533
536
433
396
515
491
391
589
560
559
575
442
386
567
535
516
466
480
489
327
572
457
491
406
526
671
621
280
493
328
458
593
394
432
512
442
444
473
560
