515
289
262
358
309
252
310
372
322
360
381
479
332
301
326
343
332
487
403
283
319
409
438
469
253
273
374
276
312
377
356
345
309
289
261
318
377
280
268
336
427
461
351
249
268
447
390
425
291
264
351
288
270
409
428
434
315
259
388
366
258
380
512
430
476
343
263
366
463
357
275
337
336
283
308
471
405
255
295
394
522
460
450
353
316
302
369
411
402
278
281
399
466
417
302
320
460
324
329
395
436
515
360
214
221
216
214
222
223
221
223
216
214
215
217
214
221
222
234
227
224
216
224
216
223
266
243
226
238
222
222
216
222
215
229
215
222
214
222
223
229
218
247
244
223
227
223
214
221
216
221
222
222
215
215
222
220
215
226
247
240
214
213
224
228
216
217
237
221
222
251
262
252
231
215
217
224
216
229
222
224
222
216
222
214
217
224
216
216
226
214
216
214
229
218
240
217
229
219
217
224
220
239
224
238
221
230
223
223
219
228
232
235
223
233
280
329
317
299
280
251
279
242
219
242
240
244
259
256
235
261
226
245
236
240
216
227
227
234
223
216
222
222
226
231
235
217
223
235
214
244
222
229
214
228
277
225
217
214
216
217
214
216
216
214
219
232
245
229
227
233
228
224
227
225
221
223
221
215
227
228
223
233
224
224
215
224
222
215
222
216
224
216
222
220
236
227
245
260
259
251
249
219
227
232
223
248
217
244
225
240
230
230
215
223
221
223
246
252
241
221
224
227
219
221
223
235
228
254
238
217
228
221
225
220
222
221
222
222
223
230
218
221
236
262
293
261
283
284
292
272
263
249
243
256
247
237
259
321
395
445
381
265
268
370
412
357
387
269
284
375
439
403
364
264
367
465
474
508
321
266
388
388
453
389
383
320
306
407
379
264
347
486
397
387
342
262
355
406
509
417
408
264
288
514
387
252
326
410
418
441
387
263
326
400
333
270
371
456
451
298
283
362
348
279
276
264
292
266
271
313
357
329
338
352
349
357
271
298
313
320
314
263
357
389
343
316
367
263
285
394
436
264
322
362
249
279
281
294
364
329
258
323
299
267
414
453
471
435
272
371
451
411
495
418
342
258
405
432
429
295
289
357
416
376
253
312
419
358
316
266
349
478
446
438
329
262
417
474
455
377
353
257
387
377
416
315
258
387
460
385
291
254
373
464
327
259
426
310
259
391
459
270
299
361
271
293
326
387
257
358
341
275
343
367
436
411
272
308
395
438
278
312
431
449
483
476
413
331
291
362
488
355
261
337
403
260
329
330
263
351
363
426
294
250
376
440
469
273
293
377
405
261
269
488
391
407
410
282
298
404
432
435
353
277
337
369
398
323
322
372
282
262
375
390
290
255
393
456
428
459
398
439
381
257
306
333
258
315
376
474
343
342
259
344
417
451
280
301
409
302
245
311
