559
367
278
311
351
289
320
320
343
467
478
430
299
348
364
268
383
405
368
310
291
369
274
289
392
386
263
395
440
465
506
451
280
302
436
327
269
424
563
367
284
361
403
507
325
251
334
302
300
328
403
481
305
256
315
306
257
286
376
362
371
267
268
462
379
354
258
298
414
382
266
285
355
348
247
293
418
378
296
266
386
350
252
285
384
415
354
290
311
352
427
268
252
370
424
405
456
407
397
291
256
369
403
441
317
320
423
403
407
462
353
303
356
333
352
406
319
308
375
411
367
323
366
322
274
445
388
446
375
330
376
301
373
339
366
298
423
338
328
294
289
461
287
427
404
281
354
348
426
332
322
227
334
323
326
509
461
369
249
293
425
288
334
461
561
388
496
387
424
384
283
398
385
419
377
338
466
313
307
294
463
320
340
376
416
313
483
272
348
387
286
385
297
520
588
756
684
612
762
716
280
378
376
322
423
336
369
335
286
405
338
381
351
343
346
316
420
364
503
428
339
397
430
340
291
361
369
239
430
242
521
421
415
239
489
298
335
431
403
334
300
378
383
351
294
432
387
480
443
482
383
285
351
335
231
415
328
415
463
337
476
546
551
395
410
227
412
406
438
386
459
471
556
381
513
253
540
899
644
618
637
305
294
270
289
345
256
255
272
368
279
247
273
367
375
279
257
349
333
252
393
364
378
445
348
251
263
359
349
249
269
312
362
273
257
270
256
273
380
377
306
260
290
363
443
309
252
367
414
334
244
286
426
435
432
406
279
251
323
365
261
304
259
279
329
259
251
382
249
262
361
353
272
323
280
305
384
276
258
277
263
266
262
310
330
252
261
321
296
278
263
295
341
324
258
249
320
321
282
265
381
319
285
295
282
362
485
360
347
335
248
321
390
376
274
269
343
352
284
252
296
390
275
252
260
339
328
333
244
283
363
286
286
322
383
272
272
267
348
295
261
277
270
339
430
246
286
419
451
309
255
275
357
301
260
255
272
286
324
257
249
318
375
332
270
261
350
352
290
264
361
275
256
309
366
288
251
325
420
394
307
271
362
393
350
346
270
266
359
310
321
249
350
338
332
258
319
328
333
253
286
315
300
265
295
412
428
333
270
289
408
383
249
249
374
325
272
267
269
321
392
273
257
374
386
277
252
287
324
248
260
332
292
347
314
263
297
350
320
343
255
275
392
426
282
253
343
360
246
265
376
381
368
291
290
322
282
311
278
282
299
320
293
255
266
276
251
262
320
269
257
276
303
364
315
288
268
277
317
305
253
284
352
325
336
266
278
388
414
291
274
355
372
366
353
299
258
270
390
295
275
295
367
289
