527
447
420
297
304
380
404
398
305
305
326
418
409
286
334
314
423
344
269
333
301
263
254
348
348
388
369
272
269
314
259
279
413
297
244
394
359
257
395
367
313
251
258
401
364
261
250
295
379
340
250
305
350
303
261
287
338
379
436
389
360
264
262
355
344
261
259
346
316
261
333
345
371
277
278
279
285
352
374
408
290
293
340
396
293
312
323
355
417
356
279
258
290
337
277
266
268
327
320
255
255
346
386
256
259
384
395
489
423
246
331
475
408
282
278
324
421
337
283
303
341
289
318
442
584
363
278
224
254
281
335
356
239
333
214
384
332
338
323
351
318
407
240
282
222
317
228
283
252
354
289
340
283
237
418
274
294
396
223
381
394
363
235
389
270
321
253
325
267
346
254
308
239
347
244
400
328
262
408
393
271
280
276
258
246
370
230
302
230
347
300
239
332
238
318
287
258
284
437
380
265
369
262
280
230
379
314
280
233
380
321
260
319
269
281
273
249
314
288
450
333
562
523
409
349
481
614
316
539
281
260
340
216
334
277
327
309
287
357
315
267
366
262
278
222
336
324
335
248
351
257
372
294
272
322
257
269
260
261
241
378
378
304
349
324
277
503
361
277
338
214
381
261
282
356
281
290
315
292
240
237
354
285
339
280
338
351
331
314
287
329
236
398
333
332
285
285
329
266
317
418
289
280
269
293
246
320
275
280
318
303
277
240
236
399
276
355
365
332
356
388
450
322
383
270
445
436
462
331
529
286
376
305
309
308
277
363
338
256
262
370
378
246
278
371
377
252
266
393
395
347
309
292
349
424
425
294
260
397
479
367
279
293
356
365
377
294
276
325
304
362
298
301
319
361
396
441
330
252
295
281
247
261
350
371
339
266
264
324
373
279
309
314
296
380
329
260
284
267
279
368
377
348
309
248
322
416
348
310
256
295
339
271
274
279
359
333
281
304
321
252
271
282
305
271
273
339
362
424
449
445
258
261
488
411
330
273
265
310
349
337
394
401
297
252
368
476
455
341
282
310
409
374
420
309
455
273
251
372
483
442
274
278
395
441
305
279
365
464
401
435
271
267
282
336
329
264
292
342
361
263
272
357
382
411
400
262
269
302
440
450
411
273
251
380
397
394
260
254
358
361
330
254
264
348
282
263
275
362
386
264
261
328
441
422
367
355
250
262
345
305
306
294
257
270
291
304
289
361
359
261
316
408
396
432
383
311
374
251
285
345
264
277
343
414
411
462
449
392
252
274
417
410
344
389
409
318
284
361
408
407
276
276
342
428
397
258
304
390
461
376
318
277
252
344
353
366
254
294
377
381
277
261
315
408
433
285
268
386
392
456
398
277
271
376
383
342
259
279
328
262
