512
420
403
304
261
317
466
534
480
470
376
290
363
422
458
463
361
272
400
471
370
446
398
261
304
357
286
265
315
428
365
258
280
333
345
280
304
281
245
277
327
366
284
248
291
360
338
259
259
343
330
297
331
275
311
342
257
268
354
366
464
382
265
360
388
393
351
314
297
273
276
262
300
314
326
286
288
331
285
323
290
307
306
308
279
262
322
348
389
337
295
250
334
408
384
259
257
363
364
285
346
392
398
322
303
376
395
328
326
397
515
299
253
250
226
220
257
301
310
267
299
265
218
224
223
267
297
275
267
287
284
303
273
297
286
307
340
321
240
228
221
264
289
301
304
295
221
223
224
236
307
311
272
282
325
317
279
297
275
286
272
270
329
310
295
271
308
330
269
285
262
274
311
298
287
292
279
319
312
323
315
325
298
341
283
284
278
338
258
280
291
303
277
291
318
285
301
288
272
286
284
270
269
321
382
393
305
343
389
325
363
401
294
262
277
265
274
291
276
288
283
276
294
289
312
284
301
305
305
338
341
292
309
299
276
310
330
289
320
301
271
262
296
303
309
291
293
286
294
293
288
277
272
291
274
264
257
282
269
343
321
316
308
348
279
281
299
285
271
274
292
290
274
338
283
293
337
294
302
296
335
332
299
303
283
293
291
298
326
278
301
303
304
287
317
321
280
278
334
310
328
342
342
376
347
400
314
485
446
456
445
259
265
411
357
394
283
267
296
388
334
265
291
314
357
414
305
247
341
364
283
255
281
278
300
275
259
277
305
338
254
279
339
264
250
288
395
349
368
269
321
346
389
278
260
356
441
285
250
315
384
361
287
274
270
314
359
283
257
326
451
370
425
247
266
412
408
296
271
347
406
355
250
282
340
450
443
421
293
262
261
307
338
258
256
288
293
264
288
302
