728
425
390
604
623
300
604
370
456
384
451
586
411
554
617
454
696
604
556
406
282
517
250
557
497
300
519
523
320
480
462
341
623
555
356
532
355
398
283
533
592
375
384
531
465
343
492
531
354
443
437
355
534
344
428
560
313
430
489
423
303
597
457
395
473
521
337
412
544
580
387
414
479
369
374
418
406
537
554
400
434
563
459
416
432
411
354
450
308
479
582
354
527
553
311
641
658
362
465
354
685
842
613
447
563
580
551
514
509
621
732
605
462
512
521
653
481
734
636
609
702
597
695
592
602
626
696
645
633
635
600
596
467
566
673
560
517
593
505
513
580
640
681
456
423
467
374
744
754
1167
911
1091
743
349
429
616
542
358
491
601
535
573
563
501
816
634
740
687
523
582
635
512
558
458
818
650
678
619
619
592
594
510
474
607
517
562
554
604
596
383
629
447
565
505
820
752
588
472
701
621
460
729
513
479
775
1065
1146
1157
409
457
573
516
415
570
553
286
519
548
508
284
683
516
378
530
497
372
470
650
310
433
586
569
321
468
575
770
265
590
428
425
528
614
443
510
351
506
552
433
323
633
545
491
305
512
540
458
410
501
562
487
533
433
563
484
495
391
512
650
335
502
707
545
336
524
541
396
473
501
406
554
502
523
