801
758
688
466
477
633
326
614
353
468
593
338
544
274
604
599
311
655
526
427
528
500
291
540
403
495
484
571
280
607
444
700
442
466
458
504
326
445
535
534
294
619
598
364
389
638
613
311
521
528
536
293
487
550
356
428
552
599
341
434
435
433
611
595
299
660
510
458
383
511
419
317
547
312
451
496
468
408
571
589
337
539
692
386
518
417
435
458
572
420
510
430
478
483
354
539
767
466
553
435
530
548
480
570
915
735
756
617
652
574
542
722
864
774
631
532
604
458
488
674
875
450
688
705
508
708
503
786
661
681
523
690
709
726
603
587
603
786
584
540
935
929
1303
1198
890
723
563
651
518
660
529
817
795
750
685
646
640
555
777
560
577
644
660
790
498
843
536
531
719
612
534
883
640
741
669
598
691
702
621
909
834
465
712
604
723
726
576
610
1079
1047
1094
292
438
344
432
424
393
414
504
421
368
565
507
409
455
537
566
582
276
425
578
273
484
544
351
401
656
632
369
455
585
343
450
550
607
301
590
655
501
544
530
474
383
591
504
316
537
582
403
464
564
381
394
618
538
463
403
562
606
437
400
691
456
323
543
481
525
488
362
552
459
556
489
351
521
580
383
399
557
438
343
571
568
559
547
353
504
508
506
330
593
427
378
513
505
391
424
573
386
402
