1053
307
457
353
513
647
327
564
595
332
508
345
513
617
468
547
430
549
322
508
508
647
404
390
612
737
395
448
441
510
365
539
455
414
439
467
516
323
480
473
338
549
627
580
333
477
498
283
524
603
333
483
516
318
410
444
319
548
583
327
469
566
326
527
564
384
352
609
487
335
560
692
522
416
692
496
492
448
446
498
368
411
512
259
243
232
224
215
286
256
231
229
236
215
253
280
216
225
233
236
271
294
260
241
243
235
232
268
244
227
222
227
233
269
244
223
217
222
259
256
233
234
230
213
227
220
215
238
240
244
280
239
226
224
221
227
226
229
223
222
235
231
243
228
233
237
262
229
214
216
237
244
264
261
222
220
218
234
245
229
231
230
255
243
228
229
226
228
224
263
313
325
232
236
221
218
244
232
223
221
219
233
230
235
216
229
231
221
226
277
268
239
261
268
277
276
264
273
277
235
223
268
294
329
309
269
240
295
306
289
237
273
285
299
249
308
385
351
271
219
260
329
283
237
225
214
229
227
232
241
225
231
251
217
232
227
233
227
217
221
217
227
225
233
247
260
231
227
239
217
236
216
249
245
214
222
239
271
287
259
223
221
223
221
244
238
279
296
247
225
220
228
215
246
224
255
272
242
215
225
226
232
241
238
244
227
235
258
226
250
223
228
224
227
235
230
227
225
229
225
222
240
229
226
222
230
230
240
241
246
270
224
238
225
228
227
225
275
225
221
215
220
245
269
228
214
228
253
273
338
272
246
257
316
289
313
280
265
308
319
255
249
242
288
306
292
306
355
323
330
269
305
247
564
570
277
535
615
397
492
507
571
306
536
392
361
556
423
363
623
580
453
425
562
570
479
322
467
570
582
339
468
626
499
478
489
582
312
478
648
664
447
368
553
417
437
526
444
285
569
545
487
379
451
537
342
425
522
517
282
586
607
343
515
528
457
298
612
272
518
660
578
476
312
555
460
356
460
650
369
385
573
349
426
457
436
453
480
399
442
570
512
303
577
724
665
367
531
596
578
416
405
545
285
538
