929
662
550
585
341
485
515
314
705
600
519
490
349
505
573
598
273
634
603
367
392
667
474
291
543
493
375
477
493
459
390
535
720
316
507
637
468
465
584
637
336
416
508
319
526
516
331
506
503
421
518
486
432
510
522
536
313
505
556
464
427
485
543
583
544
361
521
571
303
628
635
305
509
625
423
390
531
592
416
445
532
459
328
492
539
325
509
526
531
540
270
498
693
276
442
466
259
539
505
522
508
498
555
465
482
576
658
500
504
733
301
294
336
308
290
222
221
284
269
246
301
298
325
247
255
325
339
264
295
280
266
296
343
298
246
300
370
340
351
298
267
223
224
250
325
314
284
263
254
275
283
279
301
332
304
319
288
290
242
255
276
275
255
334
279
286
256
279
316
340
325
251
241
307
288
345
330
228
249
273
297
308
281
260
271
277
288
278
267
320
301
284
262
277
258
258
269
290
296
280
276
232
237
301
329
387
304
285
357
384
429
358
436
412
354
505
312
451
437
245
238
270
298
278
253
300
305
282
242
271
292
272
266
258
269
314
364
353
330
270
264
269
317
293
273
285
363
374
286
262
261
273
282
308
261
320
319
410
333
261
269
290
371
320
289
264
311
280
284
303
334
261
328
314
341
316
246
278
336
326
265
306
277
244
349
321
265
272
331
295
290
251
264
276
287
331
299
257
262
278
322
269
262
302
318
355
415
401
342
332
376
321
330
372
411
474
373
558
296
622
364
440
526
305
484
648
271
461
658
368
479
487
271
541
606
290
529
526
414
473
541
522
286
486
501
269
483
526
356
387
565
366
369
630
458
404
559
402
492
471
366
469
474
439
423
482
292
446
351
466
589
544
384
553
542
489
406
494
435
480
473
424
449
411
462
349
438
476
365
396
469
357
415
476
370
435
396
384
420
322
378
587
343
462
607
459
366
469
468
369
431
493
512
292
622
286
452
614
482
305
526
338
378
632
395
664
358
409
342
475
310
470
503
468
288
502
551
537
328
499
549
558
577
434
449
534
447
321
556
342
424
579
333
419
580
350
459
533
430
520
576
384
573
549
464
283
667
524
248
581
518
337
541
543
261
533
480
404
369
613
558
339
483
547
365
521
470
401
512
531
286
552
396
341
517
288
428
534
425
342
527
449
354
491
492
548
575
440
436
493
