870
397
459
564
626
445
347
516
528
342
560
350
373
545
558
462
295
608
335
488
594
482
359
573
518
352
482
629
557
362
450
495
345
357
767
352
454
542
487
448
591
635
341
432
484
317
592
556
328
433
655
553
394
484
589
477
472
494
529
612
464
477
445
570
542
426
340
634
550
287
648
579
334
591
668
623
394
420
581
547
344
474
595
610
471
386
441
517
411
331
528
404
289
746
488
415
365
537
440
338
549
478
401
646
631
580
404
570
566
500
521
275
311
350
339
297
289
348
283
257
293
306
288
261
260
296
273
263
326
256
305
320
353
308
235
334
344
310
337
221
220
271
272
285
310
260
276
268
291
268
288
279
331
301
224
215
270
295
310
291
268
218
304
280
293
311
288
288
267
275
331
301
301
271
244
308
289
352
292
214
249
283
311
349
310
256
238
285
272
270
285
289
270
261
271
262
264
290
280
306
264
271
291
335
354
289
326
344
382
425
385
422
404
409
434
488
332
439
437
235
237
250
289
249
275
296
286
264
287
288
307
274
266
265
270
316
364
368
323
267
250
277
315
310
275
296
350
396
356
286
254
240
260
313
295
246
309
391
354
295
228
272
369
243
250
316
305
277
308
274
340
299
348
333
332
316
253
265
356
336
270
296
307
225
347
329
259
284
316
355
295
294
258
243
299
295
321
284
260
223
328
326
303
253
257
326
409
398
413
338
338
396
332
306
404
445
406
688
362
488
484
373
531
604
668
348
351
371
409
653
363
472
557
613
367
450
592
335
423
531
328
402
443
352
450
467
424
415
531
421
343
560
456
368
643
584
341
546
427
417
519
465
406
472
368
361
523
706
532
277
520
533
364
415
503
458
501
332
422
481
351
487
476
526
307
479
486
375
415
516
509
280
488
316
459
491
421
374
478
522
386
475
408
399
447
445
408
476
482
429
354
550
614
284
585
505
316
521
346
401
559
639
416
588
387
538
377
480
550
414
393
451
490
365
417
569
573
371
402
492
537
419
434
537
279
488
660
477
332
559
514
284
513
650
431
319
642
446
446
576
388
513
549
374
476
537
649
569
303
551
479
320
521
541
425
358
699
695
502
384
425
323
429
631
379
384
604
312
443
540
371
402
555
464
255
466
298
473
489
290
586
414
433
377
430
595
544
