781
492
336
544
773
301
505
432
399
439
344
718
448
404
575
452
725
645
523
580
662
302
453
448
365
464
526
338
444
406
370
645
344
419
530
275
541
376
578
619
502
320
496
518
422
416
518
392
380
543
349
428
504
390
409
541
429
331
523
309
469
530
307
412
560
395
290
501
315
468
515
419
385
569
546
431
501
543
475
295
492
475
436
449
447
518
381
434
312
533
362
446
606
325
597
393
390
713
461
649
795
651
418
711
601
428
498
620
689
658
642
413
520
709
433
675
608
585
766
655
636
645
556
576
781
504
764
660
591
637
623
432
765
673
400
465
641
538
539
657
568
596
337
504
434
449
852
711
1180
990
1044
814
380
708
423
489
437
582
648
498
543
581
847
652
569
715
573
627
553
596
477
592
817
546
605
696
585
664
471
515
506
646
539
508
637
650
508
480
503
662
481
697
687
681
587
586
749
490
701
504
523
668
1036
1045
934
325
320
466
435
475
490
412
524
498
382
574
546
525
390
553
591
381
498
523
431
462
556
493
341
494
508
404
462
563
816
469
430
340
442
501
588
452
620
379
416
531
517
426
477
521
474
435
414
574
519
408
439
665
406
501
407
551
433
520
407
495
649
449
426
661
469
443
512
544
388
520
549
571
412
410
580
