869
402
576
649
600
304
645
523
394
471
495
382
447
551
526
443
382
594
539
538
295
530
433
379
530
331
553
554
313
559
468
545
475
481
444
512
512
462
434
513
610
593
386
522
581
507
296
582
621
624
381
518
565
551
539
343
454
580
285
541
625
499
368
518
603
470
328
623
328
493
670
658
409
488
373
487
325
536
491
384
390
270
226
226
224
222
262
227
226
236
223
236
254
214
229
240
239
278
265
216
230
215
261
282
258
263
218
235
223
228
268
235
214
229
257
252
230
231
222
221
230
680
228
238
249
223
215
224
253
245
231
225
223
220
244
236
221
228
221
223
228
241
263
246
239
231
266
255
262
232
222
234
249
251
261
232
245
226
228
228
234
245
220
226
228
284
291
265
229
222
254
245
232
221
221
223
248
233
222
221
242
227
232
247
225
305
301
283
227
285
259
243
321
261
309
280
269
279
354
250
251
308
327
293
296
241
288
280
271
255
320
267
255
289
366
313
299
221
221
228
240
229
241
236
239
215
222
223
240
225
253
233
231
219
217
222
235
230
228
253
287
231
227
238
219
233
225
249
217
241
221
246
286
267
220
214
220
251
248
251
214
312
309
267
243
245
224
238
242
241
226
241
258
219
223
234
217
229
230
230
242
229
277
227
233
244
252
236
233
230
215
234
216
227
245
214
241
227
227
218
230
223
215
235
257
250
262
236
214
214
220
236
256
252
244
225
232
229
214
284
277
260
249
350
242
240
292
327
281
263
274
265
252
261
326
378
268
302
298
253
238
347
242
251
297
298
282
650
341
566
628
314
468
648
518
277
551
346
352
546
549
434
462
592
407
425
648
593
462
257
558
531
451
533
418
585
478
385
548
497
290
516
342
464
657
642
536
304
554
514
367
517
511
450
331
634
513
508
275
470
596
392
404
562
517
313
590
627
513
340
464
528
328
563
527
307
484
545
330
471
513
485
408
504
570
387
371
671
458
480
471
457
417
448
573
457
343
573
632
313
564
630
443
365
542
435
387
590
481
314
