776
318
511
616
300
693
631
350
575
387
518
625
297
583
613
314
576
601
436
485
310
491
511
341
509
578
411
458
555
522
474
468
556
438
476
377
443
278
499
564
502
311
599
513
345
520
587
286
479
572
474
307
560
518
427
416
552
489
350
555
512
276
632
626
364
521
680
400
502
420
558
344
418
524
296
526
505
433
380
572
528
439
568
523
433
563
346
489
327
571
557
414
488
549
482
359
517
764
510
511
437
457
573
524
569
846
748
759
626
646
623
543
724
857
785
626
484
508
527
521
598
808
560
639
750
552
656
463
829
865
709
465
670
696
719
572
571
649
737
590
492
864
883
1218
1206
912
661
529
594
613
649
575
642
876
834
767
615
526
696
633
588
639
485
831
673
640
589
730
489
576
671
612
581
797
732
613
711
501
773
737
642
771
815
466
721
564
761
729
538
659
1091
983
1135
288
467
391
412
488
475
330
508
491
545
386
468
515
579
447
324
588
477
389
455
608
585
576
373
503
586
476
390
565
625
481
380
507
395
472
502
289
760
527
291
547
527
333
569
547
425
401
611
434
420
547
606
465
399
486
522
345
446
686
542
354
527
413
342
479
543
512
490
611
422
455
516
455
306
540
713
566
290
462
571
545
450
362
548
581
525
480
480
592
398
534
408
544
606
499
295
572
