730
556
513
343
524
667
571
329
605
377
472
542
368
609
398
509
435
476
400
505
458
364
453
552
485
333
663
364
494
489
505
368
504
650
440
524
479
408
542
421
424
549
626
601
504
414
495
576
433
414
583
362
446
590
557
460
290
573
590
307
503
387
379
622
502
469
521
491
584
356
588
632
723
412
462
440
434
431
456
463
400
342
265
249
233
224
215
235
268
230
213
230
222
255
280
248
215
216
230
259
259
218
299
240
224
226
308
256
256
237
231
231
252
286
262
229
222
226
221
221
246
238
269
253
217
235
264
237
221
241
222
251
236
263
220
234
246
223
238
228
240
231
230
223
288
262
225
221
215
239
248
262
283
242
222
215
215
222
230
232
232
222
227
232
227
239
232
252
294
248
214
222
244
242
216
245
224
250
224
223
227
223
221
214
250
246
232
286
285
257
272
277
271
243
279
289
280
230
231
254
275
367
305
257
293
281
281
316
347
291
299
268
247
230
333
314
335
232
245
284
285
245
231
222
224
225
214
234
217
237
288
215
229
235
217
244
230
216
242
226
231
252
223
214
218
228
242
213
234
214
232
269
229
216
222
260
286
253
246
226
214
222
235
219
278
267
224
218
220
235
243
252
229
249
249
222
222
233
258
223
242
253
233
230
247
280
236
250
222
220
229
229
238
237
223
235
237
233
233
219
223
238
225
252
217
214
243
267
244
265
257
223
222
216
221
237
273
236
235
215
231
221
268
268
236
220
230
337
287
312
369
295
268
292
313
297
278
247
293
277
285
257
250
245
266
281
314
313
265
236
241
599
308
475
653
628
388
481
517
441
415
557
515
270
568
519
462
440
523
342
466
554
543
356
410
551
462
547
374
627
626
403
396
592
512
312
497
611
393
497
573
295
455
658
404
403
516
570
415
531
398
502
569
250
558
478
308
531
598
363
452
639
582
471
327
593
460
349
613
567
504
360
539
541
541
372
542
558
509
379
598
479
460
377
525
504
361
484
438
356
586
575
276
624
354
448
599
560
277
505
636
392
385
