787
716
413
418
754
281
573
341
515
487
400
618
381
518
738
765
414
361
520
354
491
439
433
517
357
522
518
459
352
510
470
478
522
499
465
380
466
528
451
292
626
681
420
385
568
503
333
506
494
434
481
554
569
417
470
517
492
331
564
533
288
569
563
352
561
361
469
544
520
333
479
497
420
502
556
513
466
356
574
566
399
562
597
426
548
491
340
350
482
425
382
487
440
474
447
450
600
730
412
479
558
493
554
404
788
778
864
616
661
590
535
680
821
847
608
581
571
533
518
464
721
797
446
857
587
496
768
546
725
575
685
510
613
695
640
567
619
652
725
635
402
839
941
1197
1211
942
615
581
558
639
615
567
627
893
784
680
653
599
631
633
612
708
478
699
810
630
549
788
491
617
629
655
635
792
679
668
747
515
724
675
598
878
765
396
773
574
711
777
592
603
993
1046
1157
266
258
344
566
393
426
481
477
314
485
518
432
347
504
575
540
302
597
584
551
373
456
505
561
486
462
563
497
338
488
378
435
522
671
348
499
638
283
685
325
439
540
416
411
565
575
423
449
483
299
528
725
482
381
517
560
591
540
395
580
670
383
417
550
514
473
463
377
607
401
530
381
415
546
536
349
512
615
639
495
334
498
536
488
316
521
426
436
501
649
417
540
391
552
587
474
405
570
