911
487
332
564
564
500
381
562
558
466
476
554
526
506
394
414
640
449
379
606
527
414
551
563
582
369
401
555
455
370
509
527
422
521
723
750
600
647
579
482
498
531
343
507
553
404
381
591
506
352
567
639
498
360
522
541
589
488
428
514
499
489
327
558
636
540
304
663
481
421
535
358
388
585
434
421
561
565
337
427
564
293
420
517
351
556
451
525
550
383
398
820
602
484
357
407
582
389
482
464
509
371
604
543
352
632
565
475
537
293
303
330
326
273
322
268
260
272
378
304
280
299
245
321
303
250
325
257
288
291
381
290
226
344
353
338
354
250
222
242
260
296
323
337
281
257
243
286
270
274
308
332
308
325
300
303
288
235
245
326
296
286
298
288
287
271
279
310
286
312
250
280
293
335
347
290
249
259
254
285
337
299
263
236
279
282
260
296
291
265
269
276
294
225
285
303
322
243
279
294
349
341
314
283
361
404
459
409
386
408
418
359
442
355
453
358
216
263
303
280
238
275
297
229
220
259
274
263
269
286
318
270
276
286
316
344
345
341
239
235
315
330
268
263
330
401
291
243
245
283
279
312
351
252
288
390
359
331
285
253
295
302
295
274
294
267
296
287
344
275
322
330
291
262
256
306
353
327
259
314
268
268
347
289
293
276
346
295
269
266
269
270
295
221
214
288
284
274
252
292
311
303
243
266
351
436
387
390
346
331
361
365
300
396
436
408
619
281
613
472
364
527
507
271
657
498
293
550
671
296
491
490
430
398
638
286
464
580
401
306
554
434
372
366
285
525
538
526
326
513
495
370
478
599
337
539
521
471
473
463
271
533
432
436
482
535
363
472
555
296
400
362
486
523
497
439
432
384
449
539
465
413
495
521
395
355
491
427
325
505
602
476
340
451
384
444
472
412
340
502
361
489
556
431
420
456
491
337
464
480
475
317
649
573
273
494
606
321
526
542
299
472
561
630
467
329
530
361
469
465
533
283
464
533
418
298
572
467
315
459
377
316
601
539
310
551
590
400
372
573
486
309
596
691
459
282
649
504
463
502
363
516
521
460
399
546
626
267
470
551
259
536
516
376
493
484
324
523
578
505
348
572
629
433
433
525
283
477
581
285
516
535
592
256
450
482
320
469
446
369
493
472
543
547
318
469
552
