795
471
335
552
690
292
598
719
420
469
696
366
514
408
345
758
684
631
536
254
607
433
327
574
439
267
565
355
406
458
324
606
575
335
512
328
450
613
354
504
536
338
389
458
311
476
367
355
529
325
434
477
324
529
450
310
584
450
276
475
496
319
546
520
397
405
494
384
378
443
424
443
460
460
393
377
390
497
486
370
412
345
462
453
352
570
380
428
413
509
578
292
566
330
446
361
406
407
401
695
493
682
757
603
457
661
620
457
501
577
677
661
643
340
550
674
505
567
639
618
727
657
617
674
587
530
790
623
655
640
599
622
545
562
673
684
389
587
581
572
510
640
613
565
413
548
437
504
794
650
1174
976
1061
757
411
748
433
543
433
582
648
499
536
590
846
680
538
716
524
669
556
550
470
636
734
600
638
687
592
675
471
561
458
595
576
515
602
605
509
425
581
529
487
547
739
738
642
526
726
588
536
643
506
466
940
1128
1053
1896
536
488
394
458
565
428
490
556
610
401
426
682
375
406
555
610
474
475
547
598
418
440
525
578
865
446
512
462
572
413
458
498
527
471
445
356
556
370
498
552
495
435
366
533
480
442
415
682
395
473
426
535
427
429
480
570
625
479
386
618
488
375
485
318
551
532
485
286
628
524
314
473
