1070
507
336
606
617
356
655
457
497
456
402
532
441
415
578
497
564
406
540
527
564
278
583
560
305
622
615
382
436
414
551
392
450
456
525
419
396
411
427
486
473
258
587
562
446
375
491
523
304
578
596
267
516
485
387
452
501
444
491
580
533
304
526
632
528
288
464
359
450
588
349
541
614
387
474
617
490
506
450
414
531
393
343
278
268
224
225
223
233
251
277
285
247
221
218
227
264
255
267
215
222
223
247
275
269
217
231
243
218
243
226
238
230
245
268
238
215
221
221
244
250
246
215
214
279
253
237
243
217
217
223
249
229
218
226
243
228
268
244
237
233
216
221
226
223
234
253
221
244
251
217
228
214
246
258
267
243
252
221
243
250
229
223
216
232
220
227
272
272
222
216
272
277
236
214
243
238
236
226
227
232
230
222
236
260
252
247
238
285
330
236
262
293
257
271
254
286
297
285
273
295
263
267
306
338
328
234
222
270
294
273
267
255
269
269
373
337
372
331
307
231
216
220
225
218
220
228
239
223
224
224
226
248
235
218
221
228
245
225
222
245
224
275
230
240
224
230
216
233
240
234
226
222
246
277
225
221
243
239
236
240
231
228
230
225
222
280
256
236
238
238
230
228
218
232
287
261
246
227
245
215
222
227
216
232
229
282
277
230
259
220
222
221
234
232
222
229
228
239
251
222
224
221
220
226
224
276
251
222
227
214
261
247
222
234
236
222
224
252
247
279
220
241
238
247
268
288
324
333
272
230
275
316
301
312
255
282
318
248
253
259
262
276
281
254
333
317
307
247
225
262
639
320
509
546
366
560
591
484
347
655
602
567
511
407
478
531
396
524
528
415
431
547
477
382
464
667
506
583
415
444
592
655
447
414
555
525
403
470
430
348
540
327
521
527
517
289
524
477
484
337
522
521
374
436
514
628
349
512
559
367
457
551
434
363
586
650
345
445
580
556
341
443
521
479
424
494
481
267
561
689
451
467
431
400
425
464
559
332
516
609
438
378
720
658
476
310
556
410
409
540
372
448
