913
578
323
470
604
491
407
521
556
396
455
595
551
521
325
478
650
646
280
571
533
352
536
560
547
374
457
576
512
420
444
559
744
584
299
680
591
651
447
367
666
404
429
582
538
338
512
534
421
461
525
455
459
507
580
447
418
511
530
470
396
441
552
535
262
584
303
524
608
346
496
610
546
370
543
475
375
538
638
481
311
519
542
481
294
522
501
411
363
509
487
326
662
392
458
425
588
477
371
513
464
359
621
568
484
371
701
542
380
654
233
252
235
295
303
283
321
260
250
262
225
221
296
308
290
232
300
318
275
280
264
273
302
382
287
248
287
380
312
348
221
233
258
255
282
321
274
275
254
302
286
280
290
309
363
308
295
291
298
299
226
268
311
296
279
310
294
285
248
306
310
299
315
271
274
280
327
331
290
243
236
273
291
345
309
226
238
304
305
263
285
312
285
271
270
265
278
256
298
319
286
280
305
332
303
367
315
280
362
430
365
416
399
384
395
466
323
478
302
300
272
291
288
242
292
302
314
259
287
288
307
282
302
249
266
310
356
393
346
331
253
236
308
313
272
267
333
387
326
283
254
218
277
314
332
259
287
367
374
317
291
264
286
292
223
312
300
262
317
291
333
281
354
327
337
309
255
273
346
344
287
287
303
299
284
322
294
271
295
335
281
300
220
235
335
300
347
272
222
251
348
309
291
214
304
354
418
434
391
300
336
347
376
341
355
454
400
481
336
591
422
456
502
446
371
511
290
523
595
255
583
310
504
520
550
275
576
499
291
484
534
292
475
428
386
476
521
343
428
418
286
542
546
536
386
611
400
419
653
469
425
503
392
403
509
294
440
567
610
329
456
372
311
515
430
429
433
419
489
435
396
509
386
419
471
507
413
453
477
409
357
481
494
291
481
466
311
449
337
443
483
290
533
520
447
413
480
450
469
452
505
528
434
395
663
282
476
579
517
315
554
479
393
486
341
703
349
494
346
445
310
445
455
578
538
398
416
537
553
465
424
429
489
292
481
442
375
582
637
463
363
529
501
294
558
588
318
447
651
434
486
552
373
482
508
312
560
576
359
484
555
345
372
440
345
562
524
513
288
592
519
390
445
308
453
621
389
427
517
267
517
527
275
578
525
267
510
584
561
361
396
550
381
530
372
460
564
406
479
453
