803
587
292
473
738
301
545
604
504
495
662
397
491
631
464
642
651
570
567
575
263
564
491
336
458
364
378
484
280
509
451
336
584
391
474
313
435
480
368
588
554
323
428
506
313
478
525
438
389
531
463
343
530
393
377
540
334
396
518
313
505
524
369
345
566
475
312
452
328
422
529
389
382
514
322
489
508
622
328
521
561
408
426
430
478
319
518
480
366
602
617
396
465
671
307
523
682
323
622
867
649
501
505
600
541
487
574
622
691
570
545
514
520
631
502
689
619
678
658
623
665
590
650
579
650
665
739
558
553
592
540
450
728
647
509
600
501
521
585
617
648
500
369
557
330
754
666
805
1123
1038
898
931
569
531
398
494
603
501
595
610
497
782
637
780
589
538
546
669
467
598
506
760
657
595
649
680
594
501
603
473
617
493
536
556
596
539
483
552
427
691
420
789
706
652
574
669
705
459
685
524
522
708
1059
1119
1185
515
442
544
497
409
498
509
341
577
501
575
275
674
342
468
541
306
480
544
436
505
556
546
422
429
548
586
278
643
608
421
493
531
492
442
368
479
531
537
338
571
609
498
409
429
461
596
464
375
523
479
507
483
511
453
390
530
563
500
303
548
589
266
590
647
543
386
546
502
321
457
635
377
371
589
