761
272
582
664
424
454
392
471
666
352
565
616
302
561
502
406
657
512
347
515
441
527
534
342
489
653
405
365
555
470
397
407
463
417
527
547
399
326
518
547
348
445
453
348
622
631
520
311
528
407
489
397
612
279
558
527
602
525
361
541
507
321
523
580
367
574
705
440
369
494
584
279
455
604
483
518
436
438
293
538
547
361
512
511
450
450
416
537
346
489
546
498
486
489
468
372
419
717
645
466
521
394
610
523
525
758
759
860
588
672
629
503
669
844
836
618
562
517
564
516
552
865
498
647
763
589
563
545
711
747
588
687
575
636
696
604
631
609
565
841
478
651
902
977
1304
1147
346
576
619
551
658
694
534
635
836
791
711
613
565
710
630
628
690
443
820
728
641
649
678
492
619
668
568
648
733
778
660
718
511
706
742
690
775
760
470
679
839
738
787
552
833
1080
1058
953
390
521
402
491
529
538
478
287
508
525
386
422
548
591
601
505
322
560
532
364
474
544
473
365
562
688
441
304
497
429
385
651
398
468
631
561
437
596
496
289
521
439
341
502
395
435
508
331
514
678
489
396
479
538
504
320
544
533
290
654
278
515
543
545
448
500
381
731
361
594
518
451
336
557
528
442
431
612
582
544
481
374
507
631
438
471
492
501
280
548
521
538
469
341
516
345
529
