485
273
304
311
328
260
289
409
324
312
432
411
317
286
459
379
303
357
359
439
442
262
330
363
434
352
261
326
354
393
424
258
270
387
309
359
275
285
259
275
322
260
249
298
307
269
268
341
374
258
258
307
285
262
314
336
265
332
295
320
359
354
271
263
362
401
472
268
268
320
311
255
268
340
310
271
300
312
293
261
277
353
252
264
289
331
379
304
326
263
300
360
311
279
283
313
458
414
404
369
266
273
335
388
351
335
364
349
312
333
389
493
304
327
447
371
268
268
262
279
307
311
279
304
329
272
288
282
289
270
269
288
306
286
279
294
302
311
324
342
338
295
282
308
334
299
339
262
295
269
317
297
277
318
289
324
281
284
271
292
260
278
323
324
291
292
311
331
270
277
263
264
332
298
294
291
282
320
315
334
294
340
287
339
286
290
280
312
263
266
284
308
264
280
325
280
316
276
270
302
276
278
263
316
393
359
332
321
382
346
387
412
290
264
269
258
289
302
265
287
269
280
288
300
303
318
284
315
313
299
343
294
294
318
279
305
319
303
329
305
273
270
305
298
308
287
293
274
305
311
286
278
258
287
261
257
259
279
276
341
327
311
290
331
281
295
291
312
299
271
293
287
270
349
280
291
327
285
294
294
346
320
339
268
294
291
280
311
315
295
316
293
299
300
311
300
282
280
336
301
340
338
359
372
333
415
273
294
299
391
458
443
428
276
278
292
415
348
347
263
292
345
408
388
272
248
307
445
399
349
273
276
310
295
295
304
264
251
287
349
279
268
329
377
308
326
256
267
373
280
326
286
333
246
294
426
453
328
254
270
382
321
283
288
282
296
300
250
316
390
434
414
406
359
264
364
375
345
254
295
370
277
276
339
366
423
454
440
365
368
343
350
258
270
284
338
367
250
253
