508
450
271
250
388
463
278
281
337
408
441
373
270
307
432
262
296
318
448
438
344
282
254
330
367
368
385
269
279
374
402
330
256
365
442
377
256
357
338
251
260
348
376
256
275
334
342
404
374
252
265
294
257
275
304
371
322
248
279
351
250
265
349
407
409
297
260
273
348
372
263
271
304
306
356
398
283
254
339
488
361
395
460
442
289
256
307
422
363
365
353
324
273
280
302
261
266
305
325
357
313
274
271
386
421
277
313
431
363
278
387
396
360
282
305
340
421
425
277
322
354
472
390
389
279
234
277
272
302
409
283
284
322
372
331
263
340
222
373
340
315
292
321
278
260
266
280
273
286
334
275
336
329
320
271
309
357
305
426
381
274
344
326
275
281
232
254
284
331
285
269
362
257
388
320
286
414
455
248
316
259
273
289
387
280
243
283
396
278
223
312
262
252
338
270
318
392
319
303
368
230
313
286
372
275
294
263
291
271
266
319
263
285
268
294
262
238
396
341
374
568
513
353
439
616
405
493
260
326
248
347
268
226
228
406
318
268
355
357
288
316
227
283
312
268
363
297
284
281
348
330
377
266
274
301
279
277
263
284
366
215
447
334
292
322
364
387
236
331
251
342
269
236
314
318
286
237
332
215
293
324
271
267
340
238
390
324
322
318
388
270
361
328
270
311
308
293
310
330
375
266
258
410
296
299
303
273
241
317
301
328
273
323
403
274
332
436
229
399
412
439
382
363
445
494
537
336
514
338
492
290
254
287
274
308
332
327
334
251
326
308
259
328
437
373
264
291
333
306
291
255
368
429
322
247
385
436
473
292
269
333
395
361
296
258
300
334
369
364
252
277
358
408
398
250
264
349
250
260
273
252
256
336
352
370
286
339
287
337
409
293
317
308
259
293
255
326
335
425
274
253
347
360
330
253
306
391
307
252
262
358
332
266
271
263
278
276
304
342
266
258
297
311
265
269
371
284
247
287
442
464
272
284
424
378
296
283
252
297
403
363
381
432
448
439
455
250
267
399
343
466
269
264
309
332
316
269
368
429
467
407
261
295
396
307
247
440
459
420
360
243
286
367
349
366
271
253
345
420
405
258
250
325
346
371
244
307
358
294
284
287
363
285
291
330
461
282
261
363
380
375
376
302
249
273
382
381
364
408
337
247
296
364
392
249
281
370
388
328
286
251
270
322
352
294
260
258
283
270
323
399
404
261
261
353
318
248
275
316
417
288
254
319
411
294
252
330
411
477
405
297
252
354
425
383
296
261
289
379
433
336
269
320
395
276
267
318
432
356
265
340
390
396
278
284
291
327
321
283
318
358
417
297
254
336
394
366
441
451
432
313
265
313
435
433
386
251
293
363
352
306
278
313
343
