574
467
359
310
296
366
333
416
472
428
348
326
448
535
354
297
338
356
284
274
301
302
288
379
292
281
408
347
268
424
512
463
439
293
308
388
432
335
386
444
471
376
281
353
409
304
260
313
418
453
502
261
256
349
366
381
275
264
335
380
317
257
363
277
265
361
384
426
319
257
309
423
437
351
262
301
395
383
268
294
398
434
376
388
306
255
408
404
418
375
267
289
384
391
405
366
243
290
372
302
259
354
478
488
523
427
350
519
281
300
371
349
407
446
321
364
240
485
333
287
399
323
270
406
428
412
410
333
384
252
374
242
317
373
437
340
283
342
279
422
267
399
456
279
350
288
447
371
327
266
320
283
313
473
411
437
375
348
383
337
380
412
556
342
449
386
423
315
390
382
354
344
402
346
418
349
406
248
458
291
382
376
462
312
487
332
349
376
297
382
313
614
593
785
559
776
744
600
352
350
377
371
414
337
387
304
412
398
285
259
395
338
387
309
352
398
440
438
397
379
387
294
421
282
372
308
262
371
574
401
305
440
373
384
422
420
298
324
370
326
337
289
424
364
512
485
433
432
333
272
457
272
338
308
471
470
380
434
477
568
379
473
218
369
222
442
427
336
502
493
541
390
482
238
657
763
641
662
252
278
297
268
272
316
298
255
264
348
340
279
277
275
355
327
381
256
283
369
477
408
293
254
323
276
288
321
312
275
254
308
277
254
298
364
437
353
255
272
337
338
246
276
267
251
298
387
439
276
258
384
386
402
245
282
413
411
347
247
288
294
263
299
258
350
360
325
261
291
417
379
260
264
317
355
316
269
252
284
296
305
282
304
324
326
244
297
305
311
304
300
297
316
362
294
290
258
366
351
371
252
271
341
364
367
358
271
295
387
369
416
427
367
257
255
360
303
268
282
328
342
263
264
304
333
267
245
336
355
259
250
346
385
376
279
292
264
374
261
271
309
277
345
427
303
258
360
442
383
346
386
263
274
307
266
259
283
285
312
341
402
367
358
282
281
293
276
298
351
411
314
251
277
362
397
260
262
332
425
247
265
403
331
302
283
283
381
399
371
407
273
263
285
428
308
246
276
369
307
262
269
347
314
248
330
376
271
261
385
394
317
261
298
309
331
364
276
285
307
395
402
262
301
323
309
388
339
245
263
308
334
358
378
382
284
281
306
387
404
394
256
311
374
371
253
252
354
392
387
395
244
251
314
286
260
279
294
367
305
297
272
260
281
309
270
258
315
292
255
273
295
269
277
271
327
326
255
268
298
349
321
248
338
364
426
389
388
264
303
318
336
284
271
300
358
305
276
281
383
440
