518
300
267
278
259
278
395
404
370
292
392
448
404
420
317
377
349
371
393
377
254
306
422
468
429
309
249
373
422
306
250
301
371
335
366
367
261
263
408
446
405
250
254
340
376
371
364
276
379
298
285
381
434
348
279
331
368
263
302
411
272
280
502
439
472
409
252
327
462
459
316
283
355
362
266
365
309
259
315
416
532
450
429
368
299
317
392
395
482
374
455
457
283
328
448
447
319
307
460
443
564
332
228
221
214
221
220
216
217
220
216
216
221
222
222
224
229
231
228
214
214
216
222
223
239
221
222
217
222
216
216
229
215
221
215
219
236
237
222
214
240
249
227
215
216
216
228
215
223
219
229
222
224
215
224
222
215
241
241
255
234
216
229
217
222
221
223
215
218
245
252
251
246
221
221
225
228
228
233
225
225
219
228
227
235
221
225
228
215
214
222
265
229
223
217
214
215
222
216
222
228
215
223
213
216
222
222
217
221
222
215
220
216
228
282
293
232
247
243
260
251
278
272
261
280
287
263
270
268
280
242
244
215
255
223
214
228
224
236
231
229
218
225
226
240
232
218
231
219
221
228
229
240
225
217
239
225
222
216
232
222
248
217
222
215
222
215
222
217
223
221
220
221
215
222
221
217
214
224
227
231
226
227
225
252
230
224
221
221
214
215
229
232
219
226
223
227
227
249
256
217
221
224
228
231
236
244
241
228
232
251
222
213
221
221
227
254
217
227
215
214
231
230
235
216
221
223
224
214
214
221
215
222
220
220
222
223
222
216
214
232
225
219
234
254
246
274
293
284
287
266
271
281
293
309
233
252
377
392
450
293
244
365
411
434
365
415
415
399
441
271
258
332
260
321
464
463
259
318
422
488
395
378
264
302
360
450
533
487
491
405
392
458
344
271
365
395
495
392
280
271
420
533
467
276
272
376
429
346
257
342
400
380
261
321
405
265
308
395
321
265
307
291
258
296
352
319
328
308
326
421
383
341
311
264
291
335
356
329
322
317
365
288
301
342
286
377
314
252
311
476
487
449
311
251
389
448
477
375
263
287
438
416
268
360
430
485
259
281
417
448
288
267
444
462
411
411
304
299
354
479
418
428
423
279
257
365
414
388
270
291
451
302
257
410
454
313
262
357
449
452
395
302
254
381
425
470
285
285
356
368
424
266
329
523
448
363
260
340
501
398
268
314
372
444
440
454
299
294
379
434
465
462
418
447
501
261
314
373
323
267
382
428
261
272
445
480
264
269
436
449
459
337
255
372
405
373
256
315
404
469
456
265
303
385
450
381
256
341
452
412
409
434
466
440
433
408
260
303
403
397
296
317
372
377
254
297
417
355
256
320
440
406
397
292
281
392
398
412
292
300
351
422
450
351
289
264
368
306
295
397
458
427
367
248
278
