346
300
296
292
302
295
534
513
553
528
517
420
429
393
403
402
408
392
391
395
393
394
403
393
414
398
415
392
418
395
405
412
393
404
400
407
400
402
397
428
431
412
394
403
391
418
392
397
393
414
397
412
402
409
410
401
401
402
408
421
390
406
410
393
403
398
403
403
394
388
389
392
392
402
455
646
604
635
474
411
318
319
319
330
333
341
327
338
316
327
316
326
316
327
316
411
319
326
319
330
318
330
329
326
328
327
326
319
330
326
326
410
319
328
328
326
316
328
328
319
317
338
316
328
317
328
315
402
317
328
319
326
318
369
317
320
318
329
327
332
317
316
330
410
316
326
326
327
316
319
327
330
329
327
330
338
345
350
337
637
322
216
214
216
214
223
220
215
214
216
215
222
214
214
213
216
214
223
214
217
214
216
215
226
295
215
221
223
214
217
221
218
215
218
216
223
214
217
216
223
227
224
221
222
215
221
214
303
214
216
214
216
216
222
214
216
214
215
214
221
216
217
215
216
221
222
215
217
222
216
215
303
214
215
220
216
214
217
221
221
217
216
221
225
214
216
214
217
222
231
216
215
215
222
295
223
221
223
215
215
217
222
214
217
215
222
214
216
213
217
214
217
222
214
231
244
231
525
231
220
288
288
289
288
292
296
296
288
295
288
290
289
296
299
296
292
296
290
296
297
312
292
294
294
303
291
295
294
300
297
307
296
297
288
306
295
298
288
299
303
313
305
302
287
297
292
298
289
295
288
296
296
305
299
295
299
293
291
300
292
289
291
296
302
288
289
299
290
306
304
298
289
301
292
299
297
290
291
296
299
296
291
289
304
297
288
297
298
293
292
295
297
296
289
293
290
303
305
298
293
296
289
297
294
300
300
307
290
301
290
302
299
300
295
288
296
297
310
289
292
295
290
302
