267
246
248
248
283
288
293
285
295
297
285
260
257
244
250
251
252
245
244
251
242
244
245
257
248
249
248
250
250
259
254
259
251
264
248
257
251
248
251
251
250
252
257
265
258
259
247
251
256
249
249
256
252
249
260
253
250
256
258
257
256
248
256
254
245
251
253
262
250
260
253
254
255
249
256
264
255
253
248
255
257
247
256
265
256
259
248
257
265
250
253
254
247
244
255
246
248
243
251
249
250
251
258
248
249
251
249
250
249
250
260
248
290
279
287
291
291
287
279
256
253
264
261
221
255
263
259
257
214
262
220
267
260
278
261
269
222
256
256
264
262
265
259
255
260
215
215
260
223
263
256
259
249
254
252
255
222
269
221
267
258
260
262
260
215
266
258
272
264
268
223
271
265
274
270
253
264
277
265
215
255
275
222
257
259
254
254
260
264
269
224
277
222
221
257
224
258
264
215
228
221
264
256
263
266
258
267
258
213
259
264
229
267
272
265
266
266
257
260
214
274
305
320
320
316
302
247
232
256
256
269
263
262
259
262
257
263
266
255
264
265
260
258
264
269
262
259
214
252
214
214
216
258
214
260
270
256
259
264
259
254
260
220
262
264
260
264
260
267
264
221
268
258
229
219
255
257
259
275
259
214
271
266
217
265
222
261
214
220
250
261
263
257
267
271
222
222
268
253
249
220
265
257
259
254
274
259
220
216
267
216
222
265
264
261
215
261
253
252
256
256
266
222
222
222
264
265
265
265
256
223
324
311
315
249
225
250
253
251
256
262
256
257
257
250
245
251
253
255
255
259
254
243
254
263
254
249
256
257
247
248
249
264
254
254
262
251
250
257
251
257
248
249
257
250
248
255
252
244
253
244
250
256
263
257
259
266
250
247
252
256
252
245
248
246
256
254
249
243
244
243
253
248
250
256
258
259
250
250
257
260
254
249
255
245
246
248
252
250
256
244
247
250
255
248
263
258
251
246
256
249
249
257
251
257
251
247
256
254
254
244
256
254
253
250
257
250
250
263
258
257
244
250
244
262
258
257
258
248
259
257
256
252
263
253
265
252
252
250
258
251
244
244
244
244
253
253
258
264
263
249
259
248
245
254
251
248
252
245
247
245
247
258
254
262
253
257
262
250
258
254
254
253
244
246
245
253
246
249
248
245
251
260
246
245
249
253
252
254
247
248
250
250
254
250
251
255
254
251
256
254
263
247
254
244
259
247
256
246
248
253
245
249
254
251
245
255
255
245
256
245
254
252
254
251
246
247
249
256
250
251
263
249
250
250
248
257
257
251
256
258
251
249
251
246
246
252
245
245
257
243
246
248
246
244
253
249
248
257
261
253
254
250
249
254
247
250
250
248
259
250
252
254
268
271
251
249
245
246
259
259
247
249
248
247
255
258
261
252
260
251
251
257
277
265
262
247
254
255
259
251
257
257
257
257
266
262
255
258
262
251
253
251
246
258
255
259
249
259
251
243
259
243
253
248
249
249
254
244
256
247
252
250
252
250
245
250
253
249
263
257
250
247
265
257
260
252
258
264
253
261
256
250
250
263
254
260
254
250
259
250
253
244
252
252
251
245
253
259
250
249
252
255
250
244
247
245
262
260
255
249
254
249
258
249
257
684
254
244
261
252
244
247
260
251
241
249
253
253
257
250
259
254
257
248
248
244
258
248
259
268
254
253
257
246
258
249
261
248
249
248
265
253
255
