255
252
256
249
254
251
249
249
284
296
282
278
280
278
243
249
251
249
252
244
242
242
254
249
247
247
257
252
250
255
250
249
255
251
257
252
249
244
242
250
257
249
254
255
247
250
263
247
249
250
250
261
250
249
251
252
251
258
254
258
252
248
252
255
252
251
249
252
249
247
260
266
255
250
247
252
251
253
249
251
257
247
252
250
249
247
256
257
250
253
259
250
255
256
253
251
248
257
266
248
248
249
254
248
251
260
252
247
252
256
254
258
256
247
253
251
279
279
283
285
279
287
277
257
256
264
257
251
265
253
257
257
258
260
258
249
251
254
259
263
261
253
219
257
230
254
259
252
251
253
255
252
254
256
259
253
256
261
257
265
254
249
255
251
258
251
258
260
254
250
255
249
257
251
253
262
259
259
263
254
259
252
263
250
253
261
267
260
257
255
255
221
264
256
254
253
264
255
266
261
267
263
266
253
262
221
260
256
269
253
261
261
253
262
260
255
266
252
260
255
256
254
266
297
308
302
305
303
308
272
262
258
261
266
263
258
259
254
267
256
263
266
264
255
254
257
260
250
250
255
251
261
253
251
251
255
221
249
252
248
258
266
255
265
258
267
251
258
256
253
258
251
257
259
250
255
261
256
261
261
251
217
253
262
256
256
252
252
262
254
258
215
261
255
215
253
253
257
253
251
254
254
256
273
261
260
251
256
254
229
220
261
257
263
260
263
265
255
259
262
256
262
258
255
256
257
254
259
250
252
271
337
302
300
298
281
257
250
248
255
253
246
252
246
245
254
254
244
246
246
257
245
247
244
252
243
254
252
252
244
259
258
254
243
248
245
249
247
248
244
252
245
248
244
262
244
251
254
247
245
249
245
257
245
259
245
254
254
254
244
256
245
244
254
250
244
254
251
252
250
247
258
252
244
248
243
253
254
253
248
246
245
253
252
253
243
250
267
246
252
257
252
248
247
250
244
254
253
246
246
245
260
254
246
247
252
261
247
247
251
256
248
246
251
250
245
253
247
246
250
253
246
244
248
242
245
251
247
251
246
255
246
257
