268
258
288
292
330
293
290
291
261
254
254
256
263
259
257
266
266
248
263
255
264
251
251
254
252
258
260
262
260
246
246
251
251
258
266
252
261
247
258
258
266
258
251
259
251
257
270
265
257
251
259
253
251
253
253
252
257
257
259
251
263
251
258
259
257
258
252
251
257
251
251
259
256
252
256
259
257
259
256
250
250
251
258
254
252
247
249
253
249
260
257
264
252
262
260
245
245
250
247
255
245
259
256
251
252
250
257
261
287
282
285
283
286
294
252
222
221
216
220
222
221
222
222
222
221
214
221
215
221
216
221
215
214
214
215
216
226
257
227
224
220
215
214
223
215
215
216
220
222
222
221
216
215
230
227
215
220
218
216
221
262
222
221
222
217
216
221
215
220
217
221
214
221
224
228
224
228
222
223
220
229
221
222
264
219
221
221
216
217
215
229
221
216
227
222
227
230
221
223
214
216
221
222
223
229
215
268
215
214
221
222
223
224
224
215
214
215
223
224
220
217
217
223
221
222
222
214
245
242
316
242
243
249
239
223
241
265
215
223
221
222
222
215
216
218
221
222
231
223
222
215
214
213
214
215
222
229
222
222
277
217
221
222
214
215
218
223
220
223
215
218
221
222
222
214
215
215
228
217
214
222
216
266
229
217
215
213
227
215
221
216
223
223
221
223
221
223
216
217
222
216
228
214
216
224
267
223
222
223
215
222
221
214
220
222
223
223
220
222
214
220
214
222
215
224
215
215
221
267
214
216
215
223
220
216
221
217
218
214
215
228
230
217
222
225
215
223
217
214
245
241
317
250
233
220
252
247
265
260
249
258
256
252
258
259
256
261
262
250
250
252
251
251
264
252
265
267
252
250
245
247
253
264
246
253
253
258
268
265
256
250
251
265
264
261
253
247
246
249
257
254
257
262
249
256
262
251
248
251
260
259
248
253
246
249
262
246
248
246
245
255
254
253
252
252
246
248
246
247
253
250
260
252
266
258
258
266
258
256
265
258
252
253
266
253
265
251
251
265
262
249
248
254
261
255
247
248
258
252
269
260
256
248
255
262
260
246
248
254
253
254
257
246
246
251
254
246
259
246
256
246
250
260
260
259
254
257
254
254
246
246
253
253
249
255
257
264
259
257
251
252
266
268
267
257
261
255
252
250
260
257
259
254
261
258
265
253
260
246
248
253
266
256
249
245
254
245
254
251
251
252
260
252
255
259
249
245
255
248
253
258
256
251
254
254
255
248
250
252
251
250
254
257
261
252
262
247
256
253
259
258
258
254
251
256
251
264
