257
300
304
326
306
298
297
340
556
525
555
537
489
396
403
403
410
400
406
401
435
405
413
403
413
400
396
424
403
399
405
403
415
400
392
421
397
401
411
389
404
406
401
401
402
401
407
407
409
403
407
2720
2483
2563
2532
5252
2576
2513
2610
2566
2565
2576
2598
2579
2544
2717
4599
1882
1900
1954
1890
1878
1899
1878
1966
1939
1923
1910
1890
1898
4477
1876
1873
1894
1935
1867
1871
1861
1862
1987
1979
1891
1881
1896
1937
1918
1889
1902
1886
1883
1951
1927
2590
4002
2567
2553
2540
2562
2524
2571
2531
2550
2514
2684
4907
2460
2427
2633
2306
2367
2528
2621
2287
2549
2480
5515
1908
1896
1945
1877
1880
1951
1894
1941
1880
1903
1949
1897
1919
4778
1994
1868
1943
1898
1889
1938
1874
1899
1852
1882
1993
1900
1880
1941
1889
1927
