280
264
263
264
271
268
272
266
265
258
265
300
303
301
306
298
304
251
264
255
255
259
252
250
247
256
256
249
277
263
251
244
254
244
258
250
254
258
263
264
256
258
257
254
257
251
255
261
255
252
264
258
267
256
246
252
253
258
251
264
261
260
250
244
256
257
257
256
262
248
246
245
254
253
253
245
265
275
257
256
263
260
255
254
261
260
262
247
255
256
252
251
244
258
264
267
258
261
252
248
254
254
250
247
258
252
253
255
247
249
256
258
249
252
257
261
250
256
261
289
284
293
294
299
261
250
253
258
258
254
266
260
257
263
253
261
260
258
255
253
251
259
256
263
264
265
258
250
249
261
267
270
264
261
268
274
269
273
251
272
265
261
264
257
261
262
252
259
258
261
254
262
265
265
252
260
264
255
254
264
261
266
254
259
263
264
255
257
264
267
266
266
269
268
259
269
253
267
258
263
258
257
264
272
260
265
262
265
268
262
259
272
258
271
272
264
258
269
265
261
264
271
269
283
309
309
306
310
307
311
297
272
255
260
265
271
263
262
257
258
262
267
256
268
254
262
268
268
256
255
264
259
258
255
260
267
253
260
260
260
253
251
265
263
261
270
265
264
264
268
255
270
254
263
270
256
278
266
257
264
255
267
263
266
265
275
271
258
252
265
254
253
254
261
258
259
273
270
268
263
271
266
257
263
262
261
266
265
266
262
253
272
258
266
258
260
263
257
259
260
266
268
258
268
257
274
267
265
273
321
322
310
301
280
255
265
254
260
256
260
247
262
254
254
254
253
261
256
251
254
258
268
267
264
264
251
254
259
255
247
246
252
257
262
256
257
255
251
251
255
250
254
255
248
250
248
250
248
250
251
249
249
252
249
249
253
247
245
263
248
256
247
264
253
266
247
256
254
255
250
252
257
262
255
262
259
263
256
266
258
257
262
249
255
262
252
248
252
246
251
250
251
246
251
252
259
258
250
244
250
254
258
245
243
247
250
252
255
249
244
247
256
245
250
250
257
249
250
254
258
248
254
254
254
261
255
248
255
252
257
252
250
247
245
257
257
267
263
260
243
252
254
249
248
260
259
248
260
256
258
250
255
253
265
263
250
256
256
262
255
266
263
253
257
251
262
248
253
247
253
257
253
254
248
252
257
259
255
247
249
253
259
257
256
256
266
253
256
252
267
259
252
