247
299
319
299
299
295
520
559
524
503
519
352
402
412
404
402
398
404
390
399
401
392
395
401
398
392
399
402
391
404
399
393
401
401
391
411
398
435
393
393
388
398
398
388
402
411
394
402
400
396
397
401
390
400
399
402
392
401
392
393
402
402
392
402
400
408
401
421
390
402
394
399
391
404
389
416
620
625
620
491
392
394
393
408
394
415
391
401
404
393
393
413
410
418
391
398
396
403
405
402
409
395
392
403
400
412
393
393
393
409
401
404
397
401
391
419
393
406
401
412
416
400
394
407
392
418
403
400
394
409
430
406
393
404
397
394
399
393
400
397
409
406
399
473
626
638
626
612
298
292
299
300
310
292
298
292
294
293
295
301
305
297
299
303
308
319
294
298
332
293
299
296
297
291
302
296
308
293
298
309
295
307
303
293
307
299
296
292
298
303
301
296
295
292
295
304
295
314
306
330
299
298
310
301
305
310
307
296
304
314
298
303
310
308
312
295
301
303
297
295
299
304
315
296
302
295
303
294
299
294
301
295
302
380
481
530
526
444
297
287
296
291
297
294
297
293
295
293
297
289
296
290
299
290
291
324
294
287
292
287
311
294
292
297
294
290
289
295
289
302
294
298
295
294
287
302
290
291
288
303
289
296
292
296
299
297
304
289
295
300
297
299
291
296
295
291
293
300
298
299
292
294
300
305
291
303
292
340
297
291
295
307
296
303
292
298
294
301
293
301
296
297
310
300
348
299
300
293
297
296
288
306
287
291
294
303
298
305
292
305
309
304
308
293
289
299
309
302
305
307
291
300
298
294
290
305
293
296
297
304
291
298
309
298
299
305
297
296
292
296
289
303
292
290
292
295
292
301
288
306
290
297
291
297
299
301
291
304
289
300
298
294
303
288
292
297
304
295
307
303
296
296
297
291
296
289
302
291
299
296
302
295
293
291
296
289
291
293
296
290
295
287
291
