757
261
607
545
534
316
536
510
324
660
624
525
407
427
518
551
546
373
575
383
461
531
418
396
527
576
387
400
540
494
374
532
578
700
288
526
404
447
550
669
575
467
484
563
460
392
528
337
460
511
436
476
599
600
486
459
453
516
493
384
563
511
492
345
512
595
443
406
602
649
298
563
585
394
412
584
361
478
590
572
318
485
596
591
452
411
576
494
464
470
306
552
723
403
373
461
577
428
383
614
455
437
616
538
487
333
710
490
445
696
232
237
244
302
350
286
311
308
267
273
288
317
300
307
258
287
314
260
304
270
258
293
357
265
239
371
350
339
369
280
270
258
216
241
314
324
275
250
254
258
279
301
296
316
297
273
330
289
245
265
274
332
247
302
276
305
286
252
329
332
310
249
239
299
284
345
248
257
232
222
247
260
279
309
267
232
278
297
318
274
290
294
290
252
261
262
235
307
291
334
280
246
309
314
331
387
273
328
379
445
380
374
416
391
410
501
318
445
501
247
218
223
301
250
249
312
295
262
286
301
322
317
270
227
247
338
347
368
337
310
214
247
336
296
259
294
327
363
276
255
256
267
283
299
277
316
331
403
335
260
277
286
321
267
272
321
273
281
310
288
344
291
362
307
281
293
267
302
366
299
291
324
277
263
351
329
273
274
341
340
310
291
245
222
317
306
316
310
261
249
306
295
214
256
337
351
440
392
389
367
340
340
329
339
367
438
399
770
484
336
585
319
443
649
720
458
304
590
530
298
653
477
431
418
647
521
398
444
468
347
484
530
406
403
521
334
448
499
520
257
541
617
536
350
588
450
470
516
353
454
485
438
430
446
497
309
564
403
380
502
370
516
305
453
534
306
432
382
458
496
426
417
433
492
392
429
515
565
439
272
587
425
352
419
413
443
450
397
286
548
380
489
595
443
469
503
429
469
364
475
562
421
413
556
432
318
580
318
493
419
346
525
363
523
417
589
358
492
490
464
508
423
491
332
414
449
285
463
539
475
328
500
573
381
397
422
387
546
575
322
434
509
275
529
557
316
489
602
451
479
513
464
467
473
305
576
435
268
603
411
340
455
294
595
465
362
493
581
299
550
629
497
360
440
621
314
489
580
285
490
454
369
560
434
295
556
582
560
478
309
588
461
486
348
443
544
501
372
429
