772
801
653
303
665
555
317
651
425
459
564
308
470
334
655
677
310
555
523
443
498
455
372
564
401
496
557
556
414
351
467
467
437
532
485
330
431
499
356
377
672
644
425
396
593
525
342
505
578
625
306
469
480
292
542
497
409
364
635
486
320
591
382
378
603
390
566
512
457
336
556
396
319
588
444
552
383
565
662
549
379
619
598
437
466
364
516
334
603
514
389
483
496
510
381
399
779
591
507
445
425
610
487
568
822
810
754
675
601
613
598
675
843
800
668
451
503
567
473
601
813
555
632
766
552
655
460
786
758
624
646
552
665
647
605
728
651
605
801
436
670
883
1085
1235
1038
408
669
535
555
552
657
537
674
896
762
728
657
528
648
632
590
686
392
747
803
634
595
735
485
619
632
653
658
776
791
618
748
634
632
699
743
772
749
381
678
688
740
746
588
715
1016
1045
1032
276
390
538
396
500
445
523
513
343
508
535
479
383
503
572
581
427
411
527
521
425
440
557
568
305
521
629
368
344
609
430
355
602
495
408
560
509
545
628
359
374
525
368
486
555
431
393
550
469
402
556
622
492
449
431
554
577
328
588
708
566
538
458
438
449
517
556
589
455
396
504
585
516
361
472
496
273
606
545
541
261
489
531
378
488
574
602
378
415
485
478
313
562
491
358
507
546
