747
533
585
349
497
634
753
522
521
518
333
500
368
488
508
452
379
582
532
527
308
551
596
476
336
730
348
500
519
500
340
457
552
494
385
478
560
436
447
465
521
514
429
479
481
403
479
598
469
356
610
606
526
384
442
535
497
393
530
471
309
547
501
365
530
626
440
362
595
695
475
444
619
408
506
423
419
529
403
507
442
238
226
270
251
214
220
229
236
287
250
226
226
240
221
262
230
214
239
224
250
267
245
237
227
230
262
257
215
218
228
233
274
231
216
220
228
265
251
215
228
216
214
224
239
244
228
245
249
269
228
215
225
225
245
221
228
239
217
240
223
236
233
221
227
220
228
233
220
253
255
289
260
224
215
227
242
235
223
225
239
249
220
221
221
222
241
239
295
285
221
216
243
267
250
227
231
228
247
233
232
224
232
234
233
225
244
225
272
267
260
263
278
279
246
248
343
331
262
280
278
254
257
300
328
256
317
224
280
298
259
250
264
244
281
346
278
268
256
264
296
222
214
232
260
214
221
234
220
214
228
235
248
233
232
215
232
221
225
227
237
244
214
249
225
242
235
214
215
240
235
224
233
243
299
236
214
220
235
262
251
236
223
228
214
219
259
273
223
234
222
222
246
249
229
253
263
222
214
216
231
217
226
238
219
251
273
217
218
220
242
245
240
241
238
215
225
238
224
223
220
247
217
215
220
223
230
230
252
245
217
227
220
255
251
219
229
230
221
223
239
240
216
230
225
256
277
248
259
230
271
295
314
361
304
260
267
274
239
241
338
312
242
276
266
279
275
266
310
302
321
245
253
276
588
563
317
520
515
290
603
523
272
635
566
401
375
457
417
433
582
398
422
651
497
278
501
586
512
275
519
560
577
413
465
584
619
331
453
606
273
495
549
400
460
617
319
526
514
490
334
509
594
517
352
358
496
394
497
491
583
280
533
429
315
599
505
317
452
497
375
583
468
366
500
553
349
457
470
369
385
620
316
443
587
590
296
546
522
486
453
485
573
318
514
575
465
341
618
371
503
575
391
407
605
304
481
575
