701
362
457
506
289
658
502
332
581
468
440
714
369
551
569
306
678
613
286
481
563
340
479
605
365
427
514
483
349
464
501
350
632
320
407
581
413
483
307
494
563
536
316
472
479
282
526
342
375
498
334
475
478
306
513
493
337
477
371
330
592
552
502
297
492
358
365
493
339
439
518
394
438
433
397
371
520
435
478
579
526
322
430
340
452
411
421
391
542
488
329
683
580
414
465
572
337
555
639
278
481
909
652
574
550
662
508
516
586
606
707
567
581
519
429
720
469
644
611
664
716
617
626
630
606
580
658
602
781
574
595
595
537
458
767
637
437
481
600
570
534
622
609
594
333
638
338
697
733
879
1106
1040
878
934
678
473
486
446
594
678
463
576
582
771
680
617
715
481
674
549
561
507
640
775
593
647
694
587
669
431
554
511
635
576
525
591
605
508
472
506
617
397
586
749
697
644
568
728
626
621
507
561
660
1082
1045
988
333
313
418
482
526
469
403
490
545
293
579
509
433
331
720
348
499
539
444
317
553
468
428
514
508
441
509
499
546
347
690
578
469
486
522
502
462
469
425
540
572
547
296
558
530
376
415
552
548
443
417
503
682
454
489
433
583
472
470
432
445
625
260
567
421
360
544
402
441
530
381
357
570
313
568
556
459
346
