258
258
253
256
248
256
267
310
272
280
284
300
294
267
258
249
270
262
265
264
263
263
259
256
274
288
266
291
302
279
265
257
262
256
253
256
256
256
254
263
256
260
252
247
244
261
250
248
256
262
251
266
280
254
259
268
260
256
266
259
261
271
269
277
264
273
269
269
264
264
270
303
272
276
265
267
262
260
285
267
258
259
260
249
257
265
258
257
256
248
255
251
256
275
259
264
256
256
255
257
259
262
252
258
260
250
251
257
253
258
262
259
298
290
287
280
282
295
272
268
229
227
220
254
274
283
269
269
264
265
270
266
260
265
277
273
269
269
278
277
254
274
317
272
265
268
257
258
269
273
269
270
269
272
252
263
266
272
274
264
268
262
283
265
269
264
276
267
270
271
280
268
271
262
276
266
276
276
271
263
259
273
266
273
273
257
284
268
266
257
271
268
276
263
264
270
260
261
277
284
273
270
272
275
276
273
281
262
268
261
255
261
272
268
271
294
305
298
290
308
287
288
282
274
279
273
277
267
265
281
265
272
257
274
272
260
255
270
267
259
256
267
289
267
260
279
257
268
272
269
269
277
256
272
274
273
278
251
272
274
257
272
268
270
269
267
255
251
271
262
260
264
267
274
264
265
267
276
269
278
282
251
265
250
269
282
257
266
257
263
259
273
262
267
260
272
270
271
259
282
272
264
270
264
263
262
273
272
260
262
269
271
270
280
269
283
262
258
277
288
313
282
304
311
283
269
270
263
260
257
276
300
290
280
263
271
266
272
279
299
259
286
280
281
273
259
260
266
265
254
270
260
267
259
257
250
261
260
264
262
269
282
294
275
264
258
260
266
272
249
252
256
250
265
261
251
246
245
252
247
257
245
259
252
263
254
254
255
261
254
251
261
253
251
256
247
255
254
253
248
252
245
248
256
263
250
258
249
256
250
255
264
254
247
254
254
244
252
256
251
247
244
252
259
245
258
256
250
256
260
250
245
255
245
254
245
252
258
248
267
261
255
253
255
248
260
255
246
242
250
258
