303
303
295
298
286
604
482
529
561
557
591
552
408
486
528
532
536
513
493
481
457
445
411
448
445
420
421
417
427
408
423
406
413
392
398
412
408
416
405
419
460
439
419
402
413
405
414
402
416
444
483
470
471
464
505
543
531
489
499
481
505
537
525
550
573
533
549
536
676
704
647
664
397
320
325
327
321
317
319
315
335
317
318
316
329
317
328
321
398
336
326
327
330
331
327
316
321
319
320
316
328
319
326
316
378
319
324
317
342
319
321
328
339
317
321
331
341
325
327
319
407
317
322
316
321
316
318
316
327
316
322
319
319
317
330
317
409
317
326
329
336
326
326
319
316
327
327
329
331
332
340
343
622
359
343
298
222
220
222
221
227
215
217
218
218
216
221
230
216
240
229
221
218
218
224
230
226
234
303
226
221
226
217
220
226
223
223
221
215
221
223
220
220
220
216
227
218
216
215
220
216
310
216
220
214
222
215
228
216
215
213
223
221
215
214
221
213
219
216
222
214
227
231
226
302
231
214
223
221
214
215
233
215
215
214
220
214
221
216
220
214
223
215
216
215
230
216
288
220
222
216
221
220
227
215
222
214
223
216
223
214
220
214
216
216
216
236
235
236
232
541
257
237
379
383
381
351
503
301
290
297
290
289
296
310
295
313
304
306
320
309
301
304
299
294
288
294
289
333
300
293
290
296
289
299
298
297
296
293
288
296
288
296
318
297
294
306
290
297
289
293
294
292
290
291
289
295
298
292
288
289
290
289
296
300
289
292
290
289
289
292
289
290
295
296
288
298
288
300
287
312
295
293
288
310
288
295
292
302
303
300
303
292
295
295
288
298
296
290
293
295
290
297
290
296
307
310
305
293
287
305
302
312
303
315
301
301
