281
266
291
277
259
270
259
269
306
306
316
305
302
295
266
257
267
264
277
282
285
272
266
278
272
272
273
267
264
263
258
273
264
268
260
260
268
258
271
257
252
259
261
251
252
263
254
257
259
250
258
262
265
264
265
264
272
277
290
258
257
259
258
258
280
275
297
274
296
282
273
280
269
269
262
275
258
254
265
264
262
271
271
266
290
280
272
287
268
271
267
268
258
272
254
250
256
253
267
251
266
253
255
254
267
274
256
258
267
270
307
309
302
302
287
273
272
215
231
232
231
222
227
216
214
215
214
222
217
221
216
217
220
216
222
221
214
221
228
271
219
236
223
222
225
229
221
222
220
222
221
220
220
216
220
217
218
220
215
223
221
221
259
214
238
220
216
214
222
221
216
221
222
223
221
220
217
220
222
214
229
214
214
221
223
257
232
225
220
225
220
228
216
216
216
219
225
225
216
216
225
216
223
220
241
223
223
222
254
215
222
216
243
232
218
214
222
221
222
214
216
227
216
214
218
215
231
220
221
233
244
311
252
257
249
243
252
218
229
227
228
223
241
214
222
220
222
215
214
228
229
224
229
221
224
228
222
221
228
227
229
272
223
219
236
221
220
228
228
221
222
221
229
215
228
221
216
215
221
221
224
216
221
222
242
223
226
221
220
215
221
222
213
222
220
217
222
223
221
216
227
222
220
214
215
222
216
273
238
229
227
222
221
215
221
214
223
214
221
222
222
216
214
228
215
219
235
216
218
229
268
220
228
214
217
216
214
216
214
214
214
221
222
214
222
231
228
215
220
227
226
241
243
313
248
263
259
278
283
292
278
282
292
278
274
267
266
264
272
271
267
267
272
276
284
271
294
275
278
287
279
262
263
273
273
264
270
275
260
256
262
256
271
258
272
267
264
249
255
268
256
269
248
255
262
250
263
259
251
249
249
258
258
250
253
250
258
257
255
253
252
255
246
255
249
248
247
265
259
258
269
250
252
253
258
263
254
255
265
249
252
246
247
262
260
248
266
266
257
263
254
265
253
271
271
262
254
265
284
298
283
264
292
273
271
273
282
278
271
264
286
292
261
264
291
266
278
263
263
258
260
259
263
279
262
270
264
257
263
264
