241
296
294
303
297
544
534
546
529
527
581
432
441
449
459
458
420
416
414
416
415
416
406
413
415
424
404
416
414
413
405
421
411
414
408
396
438
412
406
412
422
409
408
388
392
388
403
393
408
389
412
4482
3932
4744
4313
3559
2596
2563
2660
2433
2574
2584
2703
2510
4377
1966
1907
1894
1869
1923
1912
1887
1878
1890
1971
1922
1925
1890
3802
5386
4619
4458
4108
4136
3805
3806
3945
3731
4860
5815
4028
4179
3599
4685
3653
4276
6391
3915
2509
2343
2679
2446
2538
2424
2478
2535
2547
2446
4899
1611
1928
1904
1894
1919
1905
1874
1892
1874
1916
2457
1994
2326
4273
5558
7383
9553
9288
9501
8500
7212
