269
495
481
496
509
519
560
637
644
482
490
479
454
430
451
474
463
486
496
428
420
409
402
426
402
412
401
414
402
402
390
403
398
444
387
404
393
390
392
392
392
404
395
408
418
400
401
421
398
401
399
393
392
403
399
391
398
400
391
402
393
412
399
392
391
395
400
392
400
409
409
403
670
646
664
658
647
428
394
414
395
408
397
405
426
394
408
408
398
399
403
440
388
412
391
411
425
399
403
396
413
400
436
390
400
408
422
394
411
414
400
443
415
401
417
389
403
402
406
405
419
393
395
400
400
392
415
438
422
402
402
413
411
399
395
393
409
419
398
405
643
612
630
618
486
293
313
296
323
301
303
301
303
325
327
322
308
306
296
311
301
317
326
302
316
307
321
312
301
300
293
295
304
297
299
303
309
291
310
315
299
294
294
299
307
303
302
293
311
298
324
304
321
308
314
298
308
300
312
296
302
300
307
304
311
299
298
298
300
301
307
350
294
299
310
296
314
300
310
304
305
295
305
305
304
301
304
317
366
504
530
537
523
399
427
468
466
470
462
410
295
290
292
292
290
296
307
313
287
289
289
322
308
290
295
296
289
295
286
289
290
292
310
301
294
297
288
293
289
292
289
295
296
290
286
297
296
290
294
296
292
295
327
295
288
292
290
295
295
301
293
291
288
296
296
300
295
289
299
302
288
300
288
291
289
294
288
289
291
301
299
296
294
290
302
310
288
332
294
289
295
290
288
298
319
304
310
309
301
287
302
289
303
303
306
327
310
303
