253
272
263
254
285
325
306
306
298
289
281
274
247
243
256
250
248
262
250
256
249
243
244
262
252
250
248
255
258
249
259
248
246
250
247
261
258
255
251
254
266
266
247
244
250
247
249
256
257
253
244
251
246
246
251
259
257
266
245
245
261
253
241
251
247
258
253
257
257
247
261
254
255
253
252
256
251
254
252
264
257
263
261
279
263
264
263
259
254
269
267
261
253
264
275
269
271
278
282
284
264
261
277
268
261
267
286
260
303
269
261
272
284
259
311
296
296
318
320
274
260
254
256
259
223
248
266
222
253
258
255
257
221
222
260
265
253
253
214
256
264
258
222
258
226
256
255
221
214
262
255
214
257
268
221
258
255
256
223
267
232
214
225
264
257
252
256
260
268
271
279
222
214
262
215
228
215
230
264
258
262
215
267
287
260
265
260
255
263
264
271
274
263
300
256
216
244
222
260
275
222
218
215
233
265
257
260
263
239
216
215
270
257
265
261
257
259
254
263
214
263
217
229
252
228
269
312
348
306
236
236
243
301
300
294
273
266
276
264
264
253
256
264
262
266
255
250
214
252
215
251
262
214
221
221
216
220
251
222
263
264
255
215
218
216
255
257
258
257
256
261
216
256
215
264
256
222
269
267
267
215
265
275
255
222
256
214
225
221
259
214
215
236
259
258
217
254
296
238
267
220
254
260
275
220
217
277
261
280
255
222
259
271
222
253
223
215
258
221
268
272
251
226
255
255
263
227
266
288
217
262
264
214
221
223
260
254
223
215
219
269
235
322
358
401
234
241
240
305
257
249
257
263
250
251
263
248
247
251
246
244
251
254
245
254
244
252
266
258
260
246
252
249
257
244
246
246
243
253
253
258
258
253
265
255
265
259
246
243
257
251
246
245
253
252
254
249
249
274
265
253
262
257
256
252
251
250
258
260
251
259
253
254
243
248
247
252
249
250
250
251
254
247
250
253
260
264
256
252
252
269
250
259
253
255
254
257
253
260
263
258
253
260
248
258
249
260
246
259
258
252
256
257
251
260
248
250
258
258
255
250
256
255
258
258
256
250
258
266
266
