307
269
288
273
275
280
281
290
285
288
266
248
254
245
262
251
253
251
254
250
249
249
248
251
261
255
255
249
257
251
248
254
255
247
258
248
263
256
246
248
253
253
250
252
247
250
252
253
245
247
262
250
247
261
259
252
248
251
250
249
251
248
248
245
249
249
257
257
247
246
251
248
259
245
249
248
248
247
265
249
251
251
259
249
250
260
246
248
246
248
256
245
254
249
251
247
251
261
253
253
244
249
252
251
260
258
257
260
284
275
275
273
284
277
275
291
281
279
289
257
271
260
252
265
268
259
270
268
256
253
255
262
256
257
225
262
267
258
267
266
274
268
286
262
267
257
272
278
270
272
263
260
222
277
266
266
272
254
264
282
258
256
269
268
263
274
273
266
239
256
254
256
276
263
265
265
275
277
273
267
270
257
259
268
265
220
262
253
275
256
260
260
271
255
220
259
260
261
261
265
262
269
259
265
265
256
219
260
278
267
253
259
266
266
266
265
265
266
228
290
310
291
319
303
317
283
263
255
263
258
264
270
222
257
269
259
271
260
269
272
272
278
271
263
271
267
266
255
272
266
277
265
272
272
277
271
217
258
252
263
229
266
257
255
285
274
263
265
254
255
275
264
265
273
260
266
258
272
265
277
265
270
276
277
261
269
269
260
270
275
218
259
268
271
259
261
270
269
273
269
264
267
262
270
275
267
269
258
267
260
264
260
272
234
262
272
273
287
262
274
286
275
293
304
285
302
329
295
271
278
260
254
253
252
271
263
254
260
251
252
260
252
250
268
262
270
262
259
257
268
295
298
284
293
276
267
262
273
260
268
260
269
252
249
251
249
248
257
249
253
246
245
250
253
251
255
249
248
247
250
250
256
255
255
258
256
251
257
249
247
256
257
251
253
258
251
258
252
249
246
251
244
242
245
245
243
243
254
254
246
253
251
246
254
256
249
257
258
249
250
253
246
251
252
261
248
258
252
251
244
244
250
262
256
248
249
248
248
257
559
251
252
246
250
254
248
247
251
246
250
248
245
246
250
247
250
255
249
254
245
248
247
248
259
255
249
253
244
245
249
262
245
250
252
251
245
246
250
251
257
257
257
250
250
249
249
247
243
251
253
246
251
256
252
274
267
268
254
257
279
263
261
251
271
253
256
249
251
251
248
257
246
245
246
251
248
250
251
262
257
249
255
247
254
246
252
243
246
244
254
242
244
243
248
248
248
249
254
250
255
250
257
250
253
252
252
244
253
246
246
247
253
247
253
252
254
252
244
254
257
249
259
248
246
246
253
244
252
257
258
250
251
251
253
261
251
248
254
250
258
253
245
249
257
257
257
251
251
247
256
250
259
248
257
251
247
246
256
255
259
246
258
250
251
244
247
249
260
249
253
249
260
250
255
250
260
262
265
252
260
254
253
259
253
249
249
249
255
250
250
255
254
249
251
248
249
247
247
247
254
248
252
275
276
275
257
254
247
251
250
256
254
253
255
248
246
257
259
250
246
280
257
259
249
249
248
259
264
251
260
247
251
245
251
255
261
262
254
249
252
253
249
270
253
248
261
266
256
258
259
268
