732
348
711
814
894
913
580
703
742
826
800
819
848
882
823
977
845
806
747
702
747
775
783
699
493
635
725
412
791
885
758
637
403
800
821
767
603
464
845
920
847
767
627
633
642
590
729
663
665
709
686
566
721
782
490
765
861
919
867
829
862
941
1063
1130
1037
1102
1094
1131
1140
1073
990
448
318
332
334
328
339
327
328
339
327
319
319
322
327
322
339
325
322
318
318
330
328
328
328
328
319
336
320
318
318
328
322
319
326
318
327
323
330
319
328
320
319
321
325
318
328
328
401
325
329
319
328
320
319
330
321
319
319
321
323
329
325
320
385
344
319
316
326
325
319
321
320
327
329
316
325
317
340
334
461
347
374
360
353
332
275
235
222
228
217
218
234
217
220
229
222
220
220
220
215
220
231
240
225
227
215
220
223
224
237
236
227
229
218
232
231
235
221
220
214
221
215
219
238
230
221
216
227
215
215
228
224
214
217
221
225
221
221
238
223
220
221
220
220
222
222
220
220
214
221
221
223
220
220
223
216
229
222
228
222
222
221
221
226
223
223
215
222
222
217
223
222
221
222
228
223
221
217
222
222
222
221
221
225
219
229
228
222
228
242
218
214
214
215
215
216
222
221
232
233
405
250
271
257
226
797
822
824
717
306
736
728
798
1701
704
711
637
563
402
716
614
565
496
692
785
471
498
708
772
816
809
827
605
472
664
545
495
705
801
660
454
612
761
624
700
545
547
686
