329
329
298
295
257
262
257
257
285
328
302
296
331
343
349
284
295
276
276
255
301
264
273
287
334
302
273
267
261
251
262
266
259
260
256
269
285
291
265
258
260
249
257
269
254
267
298
290
289
345
354
339
329
330
303
295
299
306
275
269
252
259
265
252
258
268
315
299
293
283
304
337
279
267
272
301
255
254
255
262
253
261
273
270
271
261
271
308
261
257
257
254
252
261
277
281
306
295
302
278
264
256
261
260
258
258
267
252
262
254
255
267
298
328
298
282
292
276
282
283
301
293
286
286
294
300
308
290
278
260
414
228
267
313
265
272
277
221
230
291
319
265
221
244
273
221
365
269
233
386
262
266
265
281
266
269
233
303
264
276
275
224
304
272
228
293
348
270
280
304
284
221
334
230
277
264
294
227
274
263
266
349
228
256
271
216
277
315
273
294
341
247
280
223
214
285
284
262
267
214
328
214
251
336
300
320
218
320
321
266
263
293
264
273
213
340
273
323
241
257
228
272
265
253
329
279
269
276
256
293
233
287
366
257
322
398
403
269
291
309
263
420
395
357
271
249
256
264
217
222
307
277
273
330
274
214
263
348
231
253
264
265
225
331
337
220
295
276
307
272
227
314
270
257
257
265
316
323
254
262
223
258
316
287
253
275
261
270
253
279
296
277
273
285
263
214
268
214
388
273
259
226
244
263
230
323
285
266
259
257
263
259
266
235
274
288
266
223
252
356
220
306
272
243
263
284
242
345
220
308
317
268
226
269
263
263
265
262
262
257
255
331
267
261
275
232
217
241
323
281
305
425
373
296
387
444
386
296
289
252
258
250
254
265
269
278
266
257
266
267
270
270
267
267
262
280
271
273
269
263
258
258
251
255
255
277
278
277
287
258
288
273
262
273
262
245
242
243
254
246
244
265
281
256
316
277
288
272
255
272
259
254
248
262
269
273
297
275
307
299
263
292
267
308
303
276
294
298
275
268
254
256
252
281
277
260
269
263
266
251
268
252
259
254
248
254
259
263
262
271
272
279
312
257
265
252
269
322
268
261
276
269
261
265
269
259
269
291
258
252
252
265
248
267
269
261
268
257
274
266
258
263
265
261
282
275
272
283
287
254
268
259
284
303
257
256
261
266
260
247
249
256
273
271
286
333
275
297
267
261
260
244
251
275
274
265
250
259
263
269
254
259
253
257
296
273
281
286
273
292
271
268
276
285
263
268
261
280
