291
376
349
295
288
253
258
260
254
271
271
326
297
289
309
307
315
318
316
279
305
267
264
327
281
270
271
279
282
292
281
297
271
262
270
266
287
287
293
261
265
266
266
268
271
278
261
266
258
251
270
267
274
289
283
283
284
258
266
265
250
251
257
264
250
262
263
259
288
280
289
264
265
272
272
290
268
265
270
267
285
260
247
266
245
282
269
265
257
259
255
267
259
262
281
284
269
286
271
284
313
284
299
286
270
254
270
262
260
257
257
274
296
275
302
314
316
303
270
314
295
303
315
288
224
241
227
223
222
223
216
222
218
228
223
214
224
215
222
226
226
236
221
216
222
224
223
222
217
226
230
228
234
217
238
239
229
221
216
215
218
224
222
221
216
216
216
214
219
216
214
222
217
219
225
229
221
216
215
217
224
226
218
225
215
223
229
222
227
226
223
215
227
220
234
239
217
231
233
227
220
239
236
234
231
227
227
216
215
221
222
216
231
235
248
218
228
228
214
221
219
222
220
221
222
214
214
220
213
227
226
218
217
222
219
219
221
327
261
271
247
257
257
252
244
247
226
235
221
221
220
216
221
223
221
214
222
222
217
216
217
221
224
215
223
222
214
221
215
215
228
225
216
214
215
222
230
224
217
215
221
215
222
216
228
228
215
214
213
221
216
221
226
236
223
225
214
216
222
221
218
230
229
215
214
216
215
220
227
227
227
214
225
232
231
216
220
232
225
219
228
228
214
222
228
221
222
228
228
222
222
216
224
216
222
221
220
216
216
257
246
238
221
220
220
222
221
221
226
228
214
214
228
228
216
214
220
214
221
227
215
231
241
232
254
256
247
227
243
238
245
228
266
266
250
263
251
257
251
253
258
269
303
344
335
288
265
262
276
279
308
306
265
265
253
258
257
252
250
261
263
266
272
286
332
281
261
251
252
257
251
270
299
295
318
335
330
299
321
321
283
293
287
279
276
260
253
261
261
248
258
268
288
273
264
266
285
269
263
278
286
272
274
247
250
279
285
262
274
267
268
268
282
256
260
267
289
289
267
282
281
276
271
280
285
291
266
256
273
261
274
277
269
276
310
279
252
258
