380
344
276
280
268
307
320
311
286
258
287
293
304
318
299
275
268
287
289
257
260
268
288
297
283
270
260
265
261
265
282
285
272
265
267
290
276
309
256
258
265
258
257
259
259
252
252
248
267
244
252
267
283
297
273
274
255
258
253
250
256
275
282
286
317
266
267
253
260
316
346
316
275
301
273
290
262
254
245
253
245
260
260
275
266
266
256
262
261
255
249
263
244
255
250
251
253
250
265
274
300
271
280
278
255
262
264
259
275
266
276
303
292
279
288
289
280
293
333
313
290
332
292
265
297
244
259
277
270
256
278
272
278
291
280
296
259
285
261
263
258
302
261
308
272
295
268
264
290
261
275
255
254
248
269
285
278
270
288
269
280
268
261
249
257
255
258
281
268
299
257
251
276
283
286
262
279
271
274
264
305
290
284
291
305
263
301
288
249
274
277
275
261
266
299
292
287
275
288
257
292
274
291
292
267
316
256
297
295
288
280
288
277
275
290
320
303
352
344
340
348
351
321
345
250
267
288
299
279
257
260
260
264
301
288
261
262
271
260
282
294
280
286
292
258
265
279
271
268
263
262
274
260
252
266
275
264
298
296
289
279
267
285
265
305
257
295
292
288
253
269
294
249
289
305
272
278
300
277
292
268
275
262
293
260
284
298
268
282
304
278
290
293
273
307
271
283
267
283
279
280
262
284
306
299
279
289
282
262
285
278
273
304
288
258
305
275
318
337
357
335
284
323
247
250
257
255
249
261
252
274
269
265
280
289
277
263
258
247
251
252
249
255
245
250
259
257
265
267
265
286
272
277
277
259
269
280
253
277
327
290
259
250
250
255
248
261
271
268
262
248
249
248
254
282
294
316
303
267
251
264
255
248
257
273
270
267
279
257
300
285
270
280
292
277
262
280
254
254
277
285
284
273
294
287
265
256
255
260
259
269
290
308
259
283
267
306
278
294
266
258
264
289
278
258
253
251
260
254
251
252
251
260
251
319
278
301
262
257
