304
873
808
744
909
864
925
645
818
765
878
903
844
611
859
961
964
819
846
745
681
726
672
476
567
586
684
633
513
654
817
793
706
406
606
733
824
500
556
660
551
541
680
497
561
739
558
561
758
510
490
587
570
618
491
507
674
538
612
717
550
522
666
649
414
836
984
835
739
815
943
974
1013
1003
783
908
903
878
1020
703
620
431
401
439
399
396
393
414
442
392
403
426
417
432
418
448
398
410
424
401
410
401
407
410
410
404
419
401
398
415
416
408
405
432
385
406
400
405
405
420
412
401
410
410
409
396
405
445
397
403
393
426
427
421
422
423
438
412
411
398
416
412
521
623
656
650
647
539
312
327
302
306
303
302
304
312
302
309
298
306
308
314
319
300
324
325
346
306
325
329
300
309
311
308
305
318
309
292
312
305
331
353
307
314
300
309
320
310
302
299
307
302
300
312
310
297
300
301
289
333
304
310
302
314
313
297
300
315
307
314
313
302
314
359
304
304
319
323
324
309
308
315
310
331
318
313
302
311
333
306
563
545
562
527
453
601
337
804
742
720
618
623
581
604
616
738
616
321
778
730
722
340
676
749
775
793
683
597
649
522
705
689
560
477
685
763
648
569
637
629
627
755
661
443
563
686
678
622
543
617
648
698
690
357
730
792
601
533
563
730
570
449
736
664
733
