350
267
254
252
262
258
258
322
310
312
304
347
290
323
278
279
255
264
283
297
278
261
274
262
263
259
263
255
262
254
273
264
303
273
280
265
264
302
270
307
312
347
295
253
248
256
259
251
261
250
253
258
264
251
261
261
272
297
292
291
283
315
276
250
256
249
246
259
250
258
272
278
267
254
271
268
260
290
264
274
246
250
252
242
244
254
266
258
287
267
271
275
259
256
256
256
251
257
258
255
252
277
322
326
299
277
278
285
288
276
274
262
294
272
289
263
262
260
260
295
256
256
295
287
263
296
323
290
361
359
324
351
313
282
321
271
269
266
228
217
257
256
228
271
221
239
275
251
251
256
213
216
215
214
214
226
226
229
214
232
228
259
224
220
280
264
227
263
285
216
258
221
221
244
329
229
230
224
328
230
275
235
215
232
222
222
236
271
271
263
214
215
250
219
261
273
272
263
216
220
214
260
217
269
226
259
228
215
252
214
219
255
221
220
252
214
260
227
282
251
270
221
214
230
228
382
243
258
236
264
258
263
265
276
219
214
244
307
260
234
216
216
220
221
216
216
230
322
236
225
291
226
252
399
321
236
265
231
300
281
416
237
221
244
293
327
253
216
293
276
256
214
271
218
323
217
306
215
260
221
226
232
221
223
292
287
220
265
223
253
254
260
266
264
256
259
260
216
255
313
214
223
230
222
216
229
279
278
230
299
231
221
277
231
249
269
264
260
217
251
260
216
216
255
221
215
249
227
254
221
234
230
245
258
261
214
230
242
263
214
215
222
352
232
273
229
292
222
281
274
225
214
254
285
280
223
222
223
215
223
285
272
231
276
215
271
230
215
264
291
222
223
223
260
268
230
224
244
435
244
277
327
308
260
254
365
258
289
263
260
265
251
249
251
263
244
262
251
250
278
291
274
289
260
287
254
251
248
246
248
279
269
255
273
277
255
263
273
288
253
252
245
246
245
243
253
273
281
283
281
269
264
303
283
291
256
269
267
261
252
264
256
264
262
270
255
253
268
272
300
286
305
259
246
251
255
251
246
255
269
279
279
288
284
309
295
279
257
270
283
266
266
263
274
257
257
249
260
280
309
271
278
270
267
281
264
256
260
262
269
257
253
251
250
257
247
261
248
255
249
322
263
278
267
303
270
286
289
275
275
267
285
260
267
259
263
248
258
263
255
259
260
282
278
258
248
262
251
263
257
253
265
268
265
271
256
263
264
263
255
258
266
264
275
270
290
307
291
268
264
