490
450
258
269
421
451
403
323
341
338
388
400
435
323
321
365
327
304
277
389
355
273
297
304
320
387
424
324
254
350
360
466
428
456
495
356
262
301
347
370
407
246
274
311
292
248
305
423
418
345
367
333
256
283
329
380
248
268
319
321
284
317
342
337
256
277
352
409
319
318
361
285
273
300
389
386
412
283
247
315
262
282
414
300
253
290
413
372
344
286
253
269
357
283
258
273
308
371
335
251
271
352
456
408
411
261
375
454
461
384
293
305
335
427
440
431
303
310
343
470
431
394
271
241
317
267
228
402
237
261
295
332
316
293
324
279
314
317
358
273
238
232
358
235
275
255
354
269
351
336
214
442
277
328
362
306
355
385
353
266
350
245
325
270
298
275
342
288
313
265
288
323
366
318
276
350
400
311
246
326
241
254
337
327
259
237
466
233
239
287
280
249
330
290
431
382
261
381
260
278
327
344
312
273
283
372
216
265
286
304
338
231
278
270
294
458
334
406
618
492
293
521
558
391
504
275
318
376
223
337
264
296
235
363
308
313
235
405
232
267
275
402
290
376
234
355
270
423
283
275
280
298
320
224
299
257
363
291
330
362
321
239
502
271
321
287
262
333
251
338
284
309
273
216
365
235
306
284
266
278
295
268
331
345
320
280
273
331
237
398
329
298
283
319
300
258
365
421
294
296
365
271
273
341
279
235
337
329
282
258
348
330
296
326
401
232
472
426
381
340
341
352
413
507
404
476
330
332
293
252
269
294
297
355
369
305
282
249
388
407
441
418
439
397
255
250
362
353
418
491
455
448
302
258
377
275
253
383
388
255
286
299
267
260
289
335
398
365
393
336
265
289
414
416
389
304
264
275
335
350
261
261
322
345
374
296
335
293
288
357
300
272
281
335
262
373
379
412
426
403
424
365
378
262
254
326
369
317
287
262
298
266
293
329
312
284
256
303
325
304
309
287
352
408
244
312
448
451
290
287
258
349
359
411
323
246
258
404
404
277
272
398
432
384
284
284
393
367
349
270
259
322
394
261
263
455
403
256
285
432
459
494
460
376
257
256
404
333
284
265
277
312
465
456
387
441
260
252
305
386
375
257
275
334
432
456
406
365
243
303
345
262
280
378
387
379
367
317
265
266
299
268
256
357
380
436
364
272
266
375
390
369
371
315
263
279
285
341
316
266
283
275
284
278
353
443
305
250
325
405
325
265
259
345
374
253
277
326
379
250
279
354
467
466
425
403
384
261
261
287
261
263
367
449
425
331
252
294
371
273
276
395
383
494
409
386
258
273
338
363
288
271
287
368
427
258
270
371
413
292
253
309
432
439
375
276
268
407
384
294
260
319
384
354
266
287
309
263
