513
407
337
261
305
304
297
345
473
462
319
305
355
517
449
436
487
510
471
401
318
283
379
392
271
296
330
388
398
299
272
323
349
334
324
318
287
247
285
318
324
277
272
317
378
261
288
308
370
360
275
269
341
313
348
297
244
329
343
260
268
336
389
268
331
378
308
261
291
354
360
408
290
275
278
388
272
299
296
304
287
275
301
286
337
306
423
246
256
339
277
252
282
402
408
321
244
315
328
274
352
416
371
305
305
365
401
357
314
357
305
287
434
309
222
252
230
229
251
291
297
300
289
319
262
290
283
286
284
272
288
302
302
268
295
291
321
327
333
345
308
271
291
329
309
342
258
301
267
315
302
270
297
320
313
301
290
260
285
264
277
321
333
294
280
307
325
263
270
282
264
327
304
275
295
278
331
321
331
307
323
292
342
285
276
281
327
274
272
290
284
265
291
334
268
316
287
265
284
275
267
283
345
357
372
336
351
372
343
384
406
278
304
218
266
276
303
278
287
292
286
282
281
298
307
284
314
308
305
349
317
303
306
272
292
314
301
331
311
280
276
281
302
303
274
295
301
306
279
284
275
272
320
276
268
235
275
284
327
340
313
286
336
274
283
289
310
279
275
281
279
277
352
302
291
332
295
290
280
346
307
330
290
275
303
287
301
348
270
295
307
308
303
310
310
267
292
329
277
321
336
231
251
303
312
393
315
506
438
407
252
282
432
272
306
340
357
324
401
378
361
270
289
370
310
269
263
394
388
260
256
308
317
286
259
272
260
274
370
312
264
330
379
292
247
264
348
353
292
245
385
329
292
266
348
423
281
257
387
387
393
414
267
280
265
288
349
394
285
260
351
421
460
409
455
402
277
257
377
402
407
354
261
280
373
459
434
364
329
377
264
259
293
326
347
257
264
317
