534
405
258
261
371
414
306
311
340
492
416
376
296
314
307
392
290
375
375
456
392
306
286
394
455
449
442
348
280
315
296
281
313
256
321
345
280
280
326
325
262
335
373
276
273
367
391
444
449
429
369
250
336
434
419
302
260
401
482
400
263
366
437
372
268
341
451
263
294
446
313
282
277
393
269
376
412
394
256
284
490
407
378
261
339
465
268
262
343
375
408
489
410
324
313
404
464
351
305
448
438
521
386
217
222
222
222
215
217
223
223
214
217
230
221
213
223
221
217
242
241
227
245
227
226
222
214
214
230
240
225
219
229
243
251
260
252
242
236
221
228
251
247
228
247
245
257
227
221
221
220
226
229
229
234
245
222
223
235
214
227
228
224
222
220
232
233
239
273
254
221
221
227
221
216
219
222
222
222
221
216
228
214
215
221
222
221
222
221
219
214
235
220
223
244
225
215
215
222
233
224
235
224
253
225
218
216
229
247
230
233
226
236
284
308
290
298
288
250
259
239
240
240
382
256
253
260
272
278
276
258
257
228
214
227
225
246
214
216
220
220
226
226
213
214
214
220
217
223
222
226
214
220
219
229
235
216
223
246
218
222
224
249
246
231
214
221
217
227
222
222
226
243
222
225
222
229
231
227
216
230
223
224
215
223
215
215
215
229
222
223
244
236
224
244
246
265
251
256
236
226
229
222
251
224
240
224
225
234
234
226
223
236
219
225
235
223
216
228
217
217
246
229
236
236
224
228
221
221
218
224
213
215
221
215
227
220
214
215
219
225
225
241
242
254
286
285
270
290
290
285
263
254
225
240
366
253
276
436
413
390
299
263
348
370
399
411
338
278
316
375
431
494
310
276
351
251
367
437
434
348
278
342
399
383
439
529
507
462
412
298
252
375
411
426
306
255
440
397
356
258
337
510
475
468
445
455
444
448
448
485
467
448
463
493
328
259
342
382
1287
266
338
379
312
345
287
338
325
283
337
356
339
358
255
340
390
296
390
331
285
273
394
510
482
431
258
294
385
260
279
417
449
389
261
329
431
497
478
520
433
484
463
448
538
413
267
289
397
393
292
299
397
427
385
356
285
314
367
427
449
262
278
419
479
358
274
365
437
426
462
485
350
339
255
359
448
476
353
263
282
407
512
445
348
269
400
448
438
264
332
381
421
442
272
275
413
537
410
287
269
346
471
438
406
392
311
393
376
453
479
271
270
432
443
474
490
400
271
309
421
268
288
373
335
284
357
412
413
320
258
371
479
417
284
261
338
364
259
408
432
381
367
268
282
382
276
285
398
407
453
332
257
448
429
420
390
269
296
365
305
272
328
468
422
429
415
407
278
262
402
357
267
323
367
398
261
290
385
430
412
273
304
402
278
284
389
395
