566
488
398
300
314
359
339
361
396
286
307
464
389
272
443
384
323
296
320
271
276
381
359
328
317
408
533
462
461
473
255
343
443
281
310
374
491
333
347
438
413
363
251
443
439
396
295
305
343
422
466
286
263
332
344
318
252
312
359
439
404
456
271
274
378
442
421
439
361
290
270
375
410
405
299
266
330
405
466
274
250
324
381
258
252
412
429
287
249
317
437
452
404
465
383
377
267
264
421
408
486
497
379
299
430
332
403
430
384
389
387
372
351
358
377
375
400
286
362
364
273
407
272
482
309
473
309
304
340
331
222
390
363
325
326
374
378
275
353
389
489
361
245
407
448
326
366
272
320
272
315
424
421
425
424
261
469
342
326
466
604
358
441
424
382
328
333
379
403
380
360
345
475
304
362
235
408
333
383
371
476
459
394
326
341
331
288
343
348
515
624
730
631
763
744
626
360
346
419
426
369
337
381
303
371
348
330
250
450
386
347
411
317
618
384
324
463
387
340
267
359
332
326
441
285
532
422
416
293
485
337
305
530
253
380
391
390
380
396
423
381
456
476
491
418
336
397
294
241
457
375
419
409
384
438
534
510
334
463
224
367
295
417
375
330
464
536
540
342
487
291
681
740
662
646
265
266
305
301
265
270
321
265
270
278
362
362
340
309
245
263
310
260
307
332
263
356
362
374
438
268
291
314
357
264
280
289
333
395
285
268
311
407
289
256
291
352
365
263
261
396
361
248
323
369
453
365
243
270
399
388
248
274
376
288
244
299
301
271
251
269
311
371
267
296
402
405
372
279
313
276
300
387
328
269
254
278
305
260
280
360
297
273
280
297
357
331
290
272
270
324
414
288
280
251
376
381
339
279
308
324
425
419
363
360
396
280
253
337
257
257
368
354
307
254
258
385
327
284
261
297
264
292
259
313
312
248
286
357
282
259
322
331
293
246
278
315
329
385
281
288
377
417
404
258
247
351
375
395
303
289
270
266
273
266
295
269
338
379
332
294
291
332
256
266
328
413
275
254
283
390
393
257
280
327
496
384
280
265
313
272
265
262
392
389
384
339
258
253
291
449
258
262
334
335
249
274
358
267
250
339
400
404
429
352
290
286
343
285
296
253
287
349
265
285
314
370
391
249
289
295
301
301
289
370
296
342
281
272
252
332
331
288
299
327
380
376
274
294
369
392
282
247
309
401
324
256
280
398
360
282
339
278
283
289
362
349
303
271
265
273
312
322
319
262
338
281
249
274
328
355
260
250
268
311
340
254
264
382
397
399
389
277
329
345
342
264
279
291
328
288
246
293
384
383
288
264
341
