718
531
525
323
546
672
382
545
628
392
469
512
468
566
364
549
474
600
567
561
378
441
625
354
397
611
254
591
475
505
386
557
632
414
390
412
567
423
449
484
556
519
399
416
532
369
506
606
448
387
590
394
442
553
562
388
339
551
587
278
596
565
267
589
498
440
476
499
629
368
556
588
388
482
616
452
516
378
458
393
441
424
269
224
220
228
240
253
224
233
230
233
243
227
216
223
243
248
227
216
214
240
275
291
235
231
234
215
250
245
224
214
218
287
256
222
221
214
232
242
227
220
217
217
228
230
242
242
243
237
277
245
237
228
223
222
231
241
243
244
233
217
216
240
250
241
224
255
257
232
218
221
238
237
281
224
219
220
217
218
236
229
248
232
245
228
221
225
229
268
309
305
272
225
239
235
214
242
220
228
239
230
222
234
221
229
234
216
214
290
285
265
261
277
283
311
269
282
231
254
324
309
364
341
287
729
268
274
288
255
259
270
270
259
279
337
278
219
223
265
218
219
228
249
223
236
245
238
228
223
230
236
258
245
248
247
236
233
213
229
225
222
229
259
252
240
243
235
238
220
222
264
252
222
229
214
268
214
227
214
238
238
255
232
268
312
229
229
216
226
230
263
237
249
270
243
228
222
214
237
241
228
240
226
254
265
232
234
258
216
216
224
233
241
219
224
238
229
213
230
218
236
214
214
219
224
242
267
251
220
229
227
226
225
254
242
233
224
220
216
265
247
216
234
244
269
290
346
327
325
334
297
275
300
314
274
237
256
292
242
286
273
235
230
257
323
282
286
259
224
259
375
421
666
504
337
610
435
423
499
692
459
323
484
501
379
468
542
364
525
556
350
451
540
433
390
477
610
518
283
504
621
373
440
591
490
392
544
534
292
516
439
372
565
635
327
466
511
574
257
567
505
527
288
433
558
438
351
580
390
423
576
479
416
527
519
309
480
641
430
370
569
502
329
519
539
472
417
516
524
306
490
567
330
513
534
388
426
517
525
276
560
347
391
607
323
567
691
543
361
478
501
377
499
571
