787
755
472
387
719
469
416
653
297
566
592
325
641
365
495
670
341
563
578
410
516
580
528
263
684
427
336
543
552
504
479
532
462
380
429
490
431
310
517
635
275
555
573
558
265
535
499
279
671
515
375
397
576
546
427
371
562
518
282
646
419
390
594
527
327
684
417
459
433
599
564
324
544
633
552
510
293
567
599
543
362
657
572
441
428
515
511
527
485
492
533
489
382
470
752
560
559
426
427
614
485
565
831
806
813
575
638
579
544
619
842
844
614
517
509
512
477
581
790
535
551
866
549
551
635
726
743
602
679
548
534
732
686
587
560
607
791
530
544
910
992
1305
1141
877
724
554
649
522
653
625
784
815
676
637
640
692
555
726
559
628
637
671
735
488
809
529
534
724
647
539
935
636
745
618
600
739
707
620
850
742
484
687
564
759
736
624
667
863
1109
1174
1772
484
472
493
331
517
528
483
368
510
556
602
422
368
526
536
287
518
535
596
273
538
287
503
561
484
300
546
449
341
560
377
463
442
379
825
400
376
561
458
395
508
524
272
557
363
465
522
584
248
576
518
448
428
566
529
335
566
686
420
366
513
515
515
525
374
718
407
525
523
455
310
564
597
447
387
546
554
417
352
576
572
380
436
531
359
458
519
434
424
446
524
529
301
548
579
