826
360
497
570
523
313
513
621
653
477
452
510
611
687
578
598
314
523
549
293
527
525
304
529
591
492
335
564
567
525
284
492
675
281
615
523
444
400
549
341
544
577
437
466
544
531
341
515
486
420
503
531
433
480
522
424
385
534
562
427
392
518
518
321
461
586
659
598
317
640
554
303
532
490
430
569
541
515
459
480
530
522
398
506
509
549
341
441
494
532
525
286
652
436
366
442
648
505
318
559
621
583
450
500
569
334
562
468
388
670
225
246
246
305
349
301
292
300
234
240
359
308
281
266
264
331
336
252
309
280
276
299
355
296
261
305
360
305
362
290
234
223
224
298
348
313
249
214
277
286
276
284
304
363
295
307
292
313
304
272
233
289
316
269
309
282
278
225
306
338
309
277
219
306
305
343
329
286
243
239
278
295
354
281
227
242
325
281
282
258
326
277
262
289
299
261
263
290
302
283
293
322
321
317
420
298
281
338
411
349
394
416
392
416
441
333
469
451
215
223
296
302
236
281
291
315
260
294
280
297
294
255
278
260
321
355
351
309
215
222
253
239
285
314
285
276
310
341
331
255
225
253
282
300
259
322
341
416
367
308
248
230
354
288
240
284
279
278
318
285
344
284
314
320
287
280
287
308
370
298
279
329
269
278
332
295
282
287
325
304
274
259
283
289
318
310
325
235
274
278
347
339
267
213
294
399
416
402
392
349
320
364
368
303
327
459
395
718
339
529
627
377
395
591
651
296
473
615
270
543
360
389
442
520
347
589
245
520
484
314
506
551
353
291
384
428
533
534
517
328
536
529
491
399
652
570
310
463
464
461
491
432
446
449
447
406
463
475
372
556
544
374
537
484
300
547
295
443
451
336
524
529
393
439
493
561
470
284
482
489
410
386
466
358
447
413
373
466
426
375
570
498
416
440
449
400
473
451
447
449
477
517
386
436
578
520
268
466
342
564
522
341
491
488
565
369
528
474
280
529
435
471
396
501
427
331
518
538
455
317
488
549
404
434
453
327
513
448
350
529
539
353
493
592
361
469
573
553
485
525
523
395
473
489
375
597
553
308
535
592
336
360
469
319
548
515
335
431
621
435
410
502
533
275
548
306
477
397
370
596
319
462
616
412
316
576
541
419
283
464
251
551
496
464
420
427
566
574
452
