674
335
422
622
414
509
604
300
514
375
514
668
384
440
391
528
798
730
556
558
298
563
523
359
387
367
355
529
339
491
511
291
582
499
343
525
345
490
439
435
545
516
351
460
597
491
310
480
373
389
508
291
516
516
319
483
639
521
319
372
465
319
575
478
345
443
494
423
420
460
425
401
453
472
469
533
292
437
511
332
410
563
410
423
426
456
363
506
615
349
476
598
296
538
333
451
653
299
617
326
719
801
654
410
709
569
469
504
606
640
702
659
370
515
728
498
561
641
625
722
654
625
654
557
568
790
582
767
667
595
636
577
473
729
675
392
520
653
573
576
619
610
550
377
594
322
666
719
837
1073
1042
905
916
478
607
426
539
486
534
557
560
447
633
836
718
536
638
563
663
546
610
429
761
691
557
673
651
603
577
559
513
504
628
506
559
604
553
556
464
427
697
445
710
748
653
582
638
693
450
658
507
518
598
1075
1097
1001
293
387
386
458
552
572
516
342
559
334
484
555
541
343
583
582
401
492
559
524
407
548
477
473
315
671
470
488
309
838
664
471
392
574
532
496
517
369
529
493
287
503
526
459
306
546
511
503
388
505
509
480
481
472
564
358
530
516
504
462
450
563
567
265
601
461
367
532
368
470
502
486
296
644
498
503
364
