298
857
727
335
679
897
833
948
947
895
895
724
864
868
898
904
878
770
769
810
795
753
830
620
585
599
674
737
755
817
430
587
670
620
405
669
861
611
495
672
627
590
541
731
557
632
758
789
490
587
656
602
719
455
535
624
546
515
688
479
595
687
803
459
813
886
957
964
818
772
797
931
956
770
900
908
781
901
690
820
329
325
315
400
396
396
398
404
427
398
416
427
425
407
417
454
398
423
411
403
431
390
403
412
406
412
412
414
399
415
419
405
399
412
397
410
402
403
407
420
417
397
397
404
407
413
423
423
407
399
395
420
424
421
420
424
423
415
406
397
427
404
530
641
663
646
645
559
295
319
312
308
299
306
306
309
305
294
301
319
308
302
315
308
326
332
328
306
326
333
304
316
312
304
303
312
316
286
309
310
325
346
302
311
301
311
309
312
308
302
300
302
300
313
308
302
297
301
296
344
311
303
296
320
298
300
316
315
304
302
324
293
325
370
300
303
311
310
336
318
306
320
299
316
324
321
302
311
338
310
557
549
566
545
437
741
295
727
637
669
489
517
649
742
728
741
845
891
727
662
317
702
756
804
751
579
513
722
604
734
637
443
681
675
608
457
656
726
632
659
531
643
638
672
560
515
588
621
632
505
505
672
746
433
635
681
559
456
685
707
513
589
622
650
369
556
