266
255
255
250
256
271
288
299
286
297
277
292
283
292
310
304
307
310
270
278
270
267
255
256
257
256
246
244
246
243
256
261
255
271
281
267
252
282
292
265
322
332
341
318
300
280
271
254
246
257
272
248
256
260
248
251
256
272
260
266
273
287
315
341
269
247
257
245
245
252
253
252
264
265
262
283
275
287
260
263
271
248
262
278
272
276
293
285
303
286
276
284
285
279
258
256
274
286
274
274
342
318
326
271
250
255
267
270
280
266
254
248
253
264
273
314
303
293
277
267
272
279
319
306
268
340
316
290
305
301
303
286
321
258
310
275
266
270
257
256
253
215
254
232
222
216
257
286
266
233
214
258
219
215
214
224
216
219
260
238
267
222
218
272
220
251
217
216
310
282
280
221
316
329
238
268
225
282
219
222
220
216
217
232
269
271
268
218
267
222
236
223
250
216
224
225
229
322
272
214
215
224
218
236
223
273
272
227
218
288
302
222
265
232
237
230
214
242
246
308
224
255
221
221
343
231
292
230
263
266
274
239
326
269
265
258
234
222
273
220
224
221
224
218
267
216
223
277
218
275
238
257
276
332
251
247
331
323
252
314
344
299
259
269
262
272
291
268
238
266
282
216
222
230
221
275
225
231
223
215
256
216
224
251
297
314
221
215
221
240
301
282
257
222
283
227
214
289
311
276
214
215
215
216
220
235
299
235
254
231
262
273
255
226
276
224
297
217
271
215
224
266
265
278
214
216
221
223
259
277
217
221
229
233
272
267
214
263
260
224
338
254
292
227
287
238
271
232
229
245
265
291
276
271
226
263
222
215
227
284
215
297
260
231
216
213
232
334
233
297
278
236
287
222
227
301
237
237
252
477
332
320
274
269
258
248
256
272
257
265
268
264
269
264
260
275
295
285
279
267
248
249
248
260
261
262
269
292
271
265
267
269
256
253
261
244
253
259
245
265
256
265
275
270
277
287
316
271
262
283
268
276
270
267
259
253
244
244
258
262
272
266
273
260
271
283
289
306
291
248
255
252
248
248
256
257
274
290
278
295
285
321
270
284
259
273
284
258
260
248
260
252
251
266
286
281
305
265
258
243
253
254
257
253
261
279
272
260
251
255
265
255
278
276
257
265
258
270
265
271
280
261
274
258
253
256
244
251
258
282
276
283
272
273
287
261
292
255
259
256
286
276
265
255
263
271
289
290
265
270
264
291
258
269
264
277
266
269
302
271
268
265
256
265
282
254
265
