574
359
714
671
701
850
844
874
759
963
866
815
784
885
896
814
946
1017
951
717
629
584
771
735
555
491
772
502
556
870
767
798
505
548
855
782
879
815
393
674
817
836
832
599
625
459
819
669
511
720
681
617
733
750
629
708
816
963
1092
1081
958
1018
677
851
1041
965
1135
1060
1097
1052
1041
498
317
318
319
320
320
319
317
319
332
320
320
325
316
319
317
396
327
319
319
315
316
318
328
317
325
325
317
319
319
316
322
326
316
319
317
317
335
321
319
326
324
327
319
318
317
325
325
316
316
326
319
318
330
327
317
326
335
315
316
318
334
327
321
326
319
336
352
316
331
329
328
328
330
327
321
331
338
345
661
340
373
348
336
343
307
239
232
217
218
225
225
227
220
216
222
220
221
222
232
218
228
227
236
232
221
221
216
226
229
225
222
222
229
235
225
222
222
228
223
215
222
223
241
219
221
214
214
222
215
213
215
222
214
214
220
213
215
215
214
216
224
215
214
216
220
220
222
215
216
216
214
223
222
288
227
223
217
214
217
222
216
219
221
221
214
214
214
226
214
223
215
221
214
214
214
214
320
226
227
221
220
214
214
221
214
214
215
214
223
217
245
221
225
217
222
222
220
240
240
463
250
241
231
221
532
442
770
800
831
731
316
625
774
472
380
699
671
608
504
618
692
756
587
553
521
676
664
326
636
761
539
438
751
797
911
665
603
625
609
674
471
710
705
649
586
540
660
652
647
594
546
