289
274
251
257
269
284
281
267
272
263
287
280
305
290
296
306
282
288
282
323
323
314
256
263
290
266
266
275
266
290
296
291
297
262
260
264
264
279
284
260
246
251
251
252
266
282
262
284
271
272
282
291
269
262
257
264
251
267
279
290
274
266
260
264
269
261
270
276
277
279
283
253
256
257
285
263
262
252
258
258
260
260
275
273
299
298
310
273
270
265
257
263
265
257
258
261
287
265
295
278
282
274
261
253
262
245
252
248
266
289
298
288
275
265
263
336
321
310
314
318
319
349
307
283
263
225
222
218
225
221
222
224
220
218
224
228
220
229
223
220
220
215
216
220
220
221
221
262
215
228
216
215
224
222
227
222
229
215
221
214
221
221
228
221
214
213
222
222
220
221
223
234
221
238
225
215
224
227
220
213
221
216
214
225
221
227
222
214
223
215
221
221
214
232
246
245
221
227
239
217
216
220
217
214
219
218
223
214
215
214
221
216
218
230
229
222
215
221
230
217
220
224
229
217
216
222
228
216
215
222
222
229
225
219
221
218
229
232
229
237
238
284
234
277
247
250
275
272
239
260
225
243
222
244
223
214
220
221
215
240
220
226
228
222
214
217
227
214
220
222
214
221
215
214
223
218
225
231
244
238
217
225
224
216
214
223
216
215
216
213
216
223
218
222
234
215
238
216
221
221
216
222
225
238
217
232
234
225
214
241
231
221
221
229
215
222
220
268
225
215
231
222
222
221
216
221
216
221
215
227
221
214
214
230
220
214
214
222
220
214
213
234
235
216
222
216
215
215
228
222
222
222
222
220
221
221
216
217
222
222
214
214
222
242
273
258
245
259
250
234
242
251
234
265
272
250
257
271
271
259
276
253
252
264
306
328
284
255
270
274
292
307
313
359
304
251
258
246
254
258
254
253
259
254
261
279
296
297
295
275
258
258
268
266
255
266
308
284
252
263
266
261
270
296
301
273
289
316
292
283
294
275
277
271
258
246
251
255
263
274
270
299
283
258
260
296
309
292
273
270
266
265
266
260
260
268
269
273
277
254
268
284
264
272
281
266
300
285
280
264
266
301
274
273
280
286
258
255
259
