335
314
327
299
328
296
300
262
285
283
280
285
300
303
338
368
317
316
270
289
261
257
247
248
270
277
298
286
274
282
263
263
250
261
266
252
251
280
285
254
263
271
259
252
254
251
277
292
288
350
338
329
348
291
287
268
278
255
261
262
265
298
294
282
274
291
320
265
248
247
248
253
291
314
314
277
294
251
256
260
288
261
266
257
258
272
261
275
284
304
275
276
279
262
289
269
267
257
263
259
257
253
248
258
260
255
253
259
254
261
269
254
258
280
307
279
268
268
264
253
248
302
267
270
322
326
319
298
280
286
284
333
238
310
225
255
281
237
269
217
254
272
316
266
269
274
266
257
258
268
274
356
271
264
221
309
267
281
263
261
268
267
278
261
304
281
241
372
299
214
307
218
366
269
267
265
269
268
283
225
273
329
317
259
271
275
282
246
310
267
290
265
262
266
234
280
253
272
269
222
275
316
280
265
283
312
322
233
305
328
221
238
401
362
237
303
261
263
266
288
279
274
264
269
266
268
220
264
367
262
282
263
281
318
387
412
338
301
265
325
309
306
354
395
335
265
256
229
273
261
317
310
271
321
286
221
297
309
222
303
313
266
260
246
292
226
246
273
270
220
267
222
285
333
289
318
221
362
254
224
226
300
348
269
283
280
216
279
301
275
220
252
299
226
234
311
320
230
298
230
268
259
226
315
278
272
293
216
241
272
254
255
315
230
318
225
283
275
280
306
254
268
222
301
275
313
297
396
221
303
310
312
265
315
232
257
254
223
301
326
296
222
291
303
271
223
273
277
219
342
439
365
234
381
438
411
268
260
263
284
304
302
271
257
259
251
273
257
256
255
257
266
248
259
257
273
262
278
270
290
278
281
278
267
287
254
256
256
258
263
255
264
261
267
256
256
262
268
262
286
281
283
266
306
300
256
263
264
302
271
265
256
248
251
258
292
271
317
273
291
271
292
301
275
257
262
266
255
254
263
257
262
263
275
268
277
267
258
275
255
261
262
257
255
294
282
281
280
270
276
275
300
254
263
263
274
309
254
250
265
277
276
260
256
250
268
263
268
255
257
260
261
262
253
256
261
260
253
253
252
258
253
259
258
266
262
269
271
275
272
295
270
287
261
253
267
264
284
311
278
273
274
295
309
299
257
264
264
253
263
285
280
272
268
255
270
264
283
281
253
252
257
256
278
282
267
298
265
293
271
278
273
260
269
264
269
273
