302
251
257
256
265
289
313
302
322
303
322
332
344
298
310
289
265
269
268
297
273
286
296
272
256
256
258
260
268
258
259
259
259
280
282
266
269
272
262
285
254
255
257
259
272
270
258
270
264
252
257
266
261
256
251
258
295
284
280
272
269
265
249
257
251
256
292
330
318
361
349
314
262
314
247
256
252
243
244
252
280
287
273
260
248
258
254
257
249
246
249
250
243
252
251
263
266
273
264
269
274
278
261
260
271
253
268
294
305
300
288
337
322
295
296
284
292
291
287
313
300
284
287
264
283
250
257
277
267
258
269
293
268
277
294
290
259
301
259
263
262
305
261
307
265
287
262
264
290
263
265
264
256
253
275
285
290
262
285
268
279
258
252
253
254
255
272
272
266
294
257
258
281
277
295
268
290
271
278
257
284
291
292
306
292
262
304
282
255
282
269
279
270
258
301
288
289
281
279
253
289
268
295
294
267
314
260
294
288
285
298
285
281
268
291
327
302
358
330
348
341
336
313
334
269
265
294
305
267
272
257
259
255
291
293
269
268
261
263
291
281
278
293
298
258
256
278
273
265
267
264
280
261
259
259
271
274
284
308
286
269
261
289
278
316
258
287
292
298
249
262
289
257
281
299
269
267
308
295
279
269
273
270
295
266
268
308
267
289
306
269
294
291
275
301
265
273
275
279
282
274
280
277
292
300
283
303
279
267
282
265
271
310
285
261
296
271
339
336
359
354
273
353
296
279
262
272
305
275
289
272
275
293
293
277
268
265
280
262
257
256
263
272
260
249
260
283
257
267
273
273
275
256
258
260
260
260
261
279
311
294
281
273
268
262
262
264
272
265
260
264
288
315
302
320
272
258
263
266
248
259
265
276
284
270
275
265
291
278
273
288
288
280
272
274
265
258
267
274
274
271
294
304
276
266
250
254
260
269
280
301
258
282
275
274
275
248
258
246
246
250
252
257
286
276
253
253
248
256
258
290
287
290
265
267
257
255
