501
284
256
357
428
308
296
339
327
293
323
427
391
305
299
353
346
281
317
391
461
394
253
262
281
347
379
425
294
267
357
353
492
415
282
284
402
493
426
321
300
259
280
391
275
252
301
433
396
412
335
306
257
280
350
377
309
257
309
362
318
315
304
353
361
386
284
270
372
309
281
321
278
264
311
407
336
285
345
301
263
249
372
436
287
255
318
419
343
321
255
256
326
294
299
294
295
300
342
297
283
314
341
418
261
293
420
281
280
412
459
293
320
333
346
453
284
263
370
480
422
408
285
513
309
278
227
282
245
409
332
214
316
279
310
330
335
282
291
308
361
346
291
217
322
279
283
222
385
291
329
321
216
440
242
282
400
266
346
392
359
214
403
283
325
268
297
283
302
281
308
217
379
369
364
321
293
351
381
288
277
289
289
259
315
328
273
271
382
283
234
283
238
243
327
286
389
387
224
414
254
328
285
340
279
266
264
334
252
278
283
337
266
233
284
294
281
275
391
409
506
571
407
293
541
610
328
467
317
282
325
254
302
286
409
311
226
313
356
291
312
225
327
355
270
374
300
313
270
427
285
319
309
296
336
258
266
230
390
325
378
357
343
333
354
309
319
287
222
380
252
293
317
309
298
265
300
216
328
289
262
275
304
219
379
336
322
322
238
372
263
372
246
324
292
289
380
268
306
424
248
347
358
310
274
336
285
224
354
324
277
289
389
241
345
426
282
408
398
465
362
281
383
473
464
550
342
458
264
403
298
256
283
270
325
325
340
450
273
271
364
432
412
414
271
272
322
351
266
282
348
454
412
444
285
253
436
369
279
294
341
287
260
303
328
277
253
292
383
381
386
398
266
260
371
409
264
250
304
343
316
264
286
329
338
259
293
323
433
303
315
345
256
306
304
298
276
401
314
305
327
336
323
321
276
340
402
320
265
266
314
348
314
276
271
1284
280
341
271
270
325
296
262
272
407
484
441
456
289
316
271
300
308
264
267
305
386
366
243
295
423
357
244
356
390
388
485
430
327
314
253
322
353
255
275
432
247
261
405
488
487
478
437
284
249
357
440
338
294
265
286
328
425
427
327
247
308
336
411
278
258
368
353
384
317
243
353
361
270
269
417
391
424
357
260
291
331
346
358
269
279
313
324
356
252
276
391
331
278
267
376
356
260
285
333
336
273
282
286
291
321
297
278
259
261
291
347
403
425
264
255
340
320
262
266
334
331
287
259
396
408
418
402
325
251
361
414
260
260
345
317
246
262
317
268
271
417
382
256
272
373
354
244
291
406
383
252
287
426
448
331
262
260
323
293
272
292
363
434
310
247
321
391
348
289
255
386
452
414
385
424
247
286
402
359
321
299
318
371
271
264
