557
310
312
324
359
367
400
453
469
524
531
526
314
304
414
300
344
323
327
334
295
323
305
290
389
499
497
497
504
445
496
370
319
296
474
562
374
305
381
352
282
329
433
421
281
313
332
401
491
343
276
298
325
411
366
363
261
306
374
469
276
264
343
397
401
320
260
323
417
424
279
260
347
435
425
401
263
270
397
388
399
283
256
421
384
349
261
291
404
401
290
256
368
403
394
401
262
265
394
489
470
477
304
314
305
383
288
277
346
396
378
302
308
416
416
452
370
284
408
323
313
427
457
363
496
251
484
426
301
312
374
388
299
282
417
248
323
299
329
494
371
284
352
513
403
328
233
317
277
316
521
416
418
346
337
383
380
346
467
590
360
433
384
425
383
240
375
349
385
402
351
423
289
435
328
479
322
323
379
384
488
357
408
342
375
228
368
479
517
677
799
578
741
786
579
377
422
336
457
338
376
304
418
354
337
253
393
293
483
367
310
528
430
314
385
336
390
336
330
323
418
269
303
432
570
398
261
379
428
338
324
473
292
295
386
389
386
337
424
373
499
448
531
377
381
307
377
241
414
365
418
421
427
438
602
490
388
368
229
403
364
305
420
419
474
542
433
429
452
250
694
741
589
712
323
265
295
298
330
264
249
285
349
330
250
276
319
343
311
271
321
343
257
266
429
413
360
287
270
364
377
267
251
295
319
259
289
336
388
317
258
287
379
286
247
268
374
332
248
320
399
426
266
265
402
393
324
244
338
402
299
288
300
354
357
249
263
277
366
342
274
252
355
412
300
266
285
374
295
269
283
314
282
254
266
291
332
258
277
322
261
279
287
296
274
278
304
337
347
313
280
256
353
316
356
271
273
294
263
258
344
427
416
325
408
435
357
244
261
365
317
250
321
355
331
283
261
285
315
268
258
279
338
259
271
300
296
256
342
367
286
269
262
291
291
249
279
301
270
250
384
448
433
454
386
364
397
283
264
265
311
304
357
266
279
294
376
409
370
345
267
309
335
264
260
340
339
263
253
331
407
378
258
261
417
334
292
295
303
374
323
245
292
370
350
285
303
296
307
384
246
272
400
387
285
247
277
257
271
350
413
389
262
261
386
366
281
255
292
344
307
262
274
291
397
268
275
369
362
272
274
281
351
376
268
257
285
303
345
294
251
312
359
390
395
417
425
254
284
375
398
297
248
304
367
366
292
267
321
366
329
290
264
270
312
365
308
277
256
270
281
316
323
288
315
324
274
259
278
291
257
267
299
267
248
269
334
357
245
278
361
425
400
287
293
317
348
335
265
255
303
357
310
258
332
340
251
