280
262
381
349
254
300
368
507
525
499
371
294
302
444
274
315
376
465
395
261
391
404
301
284
342
389
320
279
308
370
390
397
301
301
308
352
275
292
316
252
260
287
320
282
272
330
306
265
326
361
379
343
303
298
278
321
380
331
406
254
263
326
424
296
258
435
427
406
368
284
305
262
329
257
283
306
299
262
268
329
302
273
245
296
365
262
266
301
364
359
286
265
260
335
367
254
330
373
385
299
269
311
365
372
345
398
411
422
368
314
336
493
338
310
405
227
225
240
268
316
295
279
292
224
222
217
250
283
284
272
259
292
309
271
284
296
303
306
323
346
338
311
303
277
327
304
323
267
295
264
323
313
265
318
301
319
270
282
268
289
262
287
315
335
304
282
288
324
271
285
260
275
334
313
278
300
281
312
319
328
315
306
294
340
283
279
280
330
261
290
274
289
270
287
333
280
313
306
262
289
291
257
283
330
366
400
303
319
383
327
385
387
301
263
287
257
289
311
283
265
269
280
283
286
304
294
306
303
309
307
359
290
319
312
294
311
304
299
329
282
263
260
304
309
328
296
267
295
318
292
285
284
258
309
270
285
244
264
274
317
328
314
300
343
264
281
301
308
279
276
280
281
285
366
281
294
323
301
286
291
336
328
327
287
282
296
288
313
321
287
298
310
282
302
303
314
295
287
306
299
329
330
369
405
327
399
308
473
265
281
396
423
281
255
388
334
260
274
295
371
389
327
247
291
310
251
259
387
410
385
252
274
308
322
290
272
296
273
284
354
333
264
284
309
266
263
320
375
243
255
343
370
279
270
331
384
306
250
387
445
359
349
388
271
275
299
334
348
402
259
267
369
274
253
373
384
467
446
385
402
273
255
391
365
388
313
264
311
349
293
262
310
345
404
398
295
258
265
310
370
