350
245
368
446
265
257
349
445
490
486
313
290
331
381
330
364
327
369
417
371
251
314
424
375
254
346
395
456
353
295
297
340
302
332
259
300
354
332
298
283
330
298
267
351
386
457
411
449
461
416
452
277
271
433
400
463
302
277
388
446
254
346
432
467
264
277
426
467
372
272
310
347
255
349
484
432
278
267
378
477
276
262
411
450
411
273
267
370
420
391
266
283
428
347
307
368
487
465
575
445
299
303
336
243
221
215
228
222
228
228
217
223
234
215
216
234
224
219
214
219
234
214
242
245
236
233
226
235
227
227
221
214
213
220
220
230
255
223
225
216
239
238
227
215
220
213
218
226
228
223
215
214
215
224
222
220
232
241
248
223
227
214
221
214
227
221
226
220
228
271
234
221
222
215
228
213
219
214
214
221
213
214
214
221
235
226
223
228
216
220
222
220
244
216
229
228
221
222
215
220
224
227
215
221
221
220
221
221
222
214
222
221
221
221
221
239
328
309
279
296
293
288
281
279
278
280
268
258
260
264
246
267
216
258
250
242
225
225
215
220
216
228
215
224
230
229
218
220
224
214
231
229
235
216
235
232
228
219
241
224
223
239
238
218
221
214
221
220
219
220
224
229
223
229
216
221
214
228
222
223
256
217
221
229
224
235
220
231
240
214
215
215
215
234
214
222
218
222
239
259
243
240
238
238
216
228
223
231
257
222
240
235
230
225
220
237
229
217
233
220
215
236
230
221
214
238
227
229
227
220
214
218
219
221
221
222
222
216
215
221
217
223
215
231
263
252
243
258
261
278
278
257
271
248
234
244
233
269
300
365
462
369
320
254
308
378
249
271
359
401
342
279
327
400
414
505
297
296
367
521
461
488
397
421
383
347
258
356
422
256
350
484
443
376
403
262
278
399
372
276
364
412
417
472
550
305
267
367
266
281
343
425
443
296
263
408
457
454
404
287
306
409
445
375
285
328
279
285
289
283
324
418
344
364
362
270
267
311
333
289
273
343
440
306
274
406
292
341
386
440
494
318
259
381
496
258
289
369
453
426
351
253
386
434
436
264
318
462
453
477
351
257
364
479
459
315
267
345
394
299
273
393
442
402
414
315
283
330
401
480
303
281
379
427
482
508
380
300
301
357
485
384
418
387
269
349
375
290
283
342
390
513
476
559
450
468
386
265
355
406
413
341
262
344
352
251
278
266
341
348
442
464
490
394
410
300
383
414
449
466
478
466
447
481
497
440
437
257
309
455
447
426
278
289
413
386
418
317
267
427
414
335
291
343
391
326
263
400
376
421
272
272
352
330
262
364
386
473
384
266
369
419
416
428
455
449
391
254
301
408
387
304
284
360
404
429
443
292
284
387
396
449
396
417
283
266
367
426
266
332
427
405
397
255
