836
346
493
548
376
343
551
503
459
649
611
516
562
366
429
563
533
362
593
674
499
414
517
558
565
412
441
543
472
373
509
568
728
417
502
584
475
459
574
619
560
486
435
524
399
361
594
440
444
462
486
493
542
537
516
426
673
520
562
512
481
312
540
568
487
383
576
292
590
648
574
264
589
591
517
389
537
653
467
279
539
529
394
373
505
349
490
464
504
328
435
742
379
426
450
541
443
350
561
394
459
658
525
309
541
630
442
354
527
481
273
285
337
358
280
309
275
242
284
360
311
277
263
265
301
276
286
316
262
283
300
350
238
298
328
350
214
222
327
266
239
215
235
301
329
282
224
258
288
266
284
281
319
308
301
274
331
264
218
213
258
235
279
284
278
315
288
265
236
329
329
310
306
283
266
274
304
343
272
213
257
286
300
339
300
218
272
301
299
243
303
309
257
269
304
265
238
281
281
341
255
314
318
346
342
380
286
313
329
392
421
388
417
386
389
464
349
450
516
244
220
221
300
261
286
269
318
304
292
266
286
302
264
270
233
302
336
374
351
342
258
234
308
288
287
273
313
386
337
300
247
229
266
306
319
285
290
356
349
248
269
299
348
251
250
317
293
279
304
268
327
292
335
317
279
288
290
310
397
333
252
333
346
273
281
302
261
253
348
302
280
253
261
283
289
318
301
255
266
277
324
266
268
293
324
354
434
397
369
287
380
413
365
328
376
438
394
760
579
269
469
328
507
525
253
627
417
286
616
383
443
552
264
485
636
483
313
626
574
526
294
460
415
389
484
426
318
465
284
442
649
509
341
479
632
315
540
569
436
459
505
456
434
449
361
478
530
383
455
559
532
375
493
331
475
438
345
517
430
312
493
316
442
461
299
460
528
414
319
555
450
423
419
493
356
489
476
348
477
465
352
479
472
423
480
588
488
432
376
445
398
396
479
610
309
481
453
285
606
304
509
543
548
318
532
571
583
350
526
501
400
312
512
300
401
492
279
403
288
461
453
475
300
575
593
370
457
568
372
423
547
466
401
501
605
574
347
497
614
398
491
316
580
501
309
430
600
262
513
331
442
579
607
412
450
453
321
483
553
416
441
644
505
468
337
589
303
464
661
358
406
545
289
508
499
281
474
542
404
345
573
497
376
539
398
499
567
407
449
484
