778
812
687
614
352
609
382
555
358
461
684
506
400
474
357
722
594
405
505
568
344
515
444
436
541
532
294
434
557
503
464
538
517
459
393
495
487
513
261
545
263
546
551
272
517
616
583
261
600
512
422
365
618
551
358
401
528
635
382
455
416
368
618
693
323
573
673
492
387
437
534
599
455
454
460
584
489
317
614
611
398
540
568
472
492
384
484
522
489
445
529
526
368
455
789
595
550
400
335
510
521
438
801
786
854
617
707
553
591
674
831
839
591
646
520
488
468
606
755
616
506
918
512
547
678
627
743
600
677
533
599
719
664
621
576
552
834
492
535
888
907
1304
1265
831
783
475
600
561
700
422
722
896
666
716
610
577
697
625
610
623
571
746
710
604
706
573
489
611
715
587
688
773
705
650
718
557
697
695
689
780
807
444
616
633
731
713
592
680
1043
918
1081
329
402
360
499
526
487
333
474
545
516
438
397
540
549
564
341
465
613
589
502
305
494
540
258
611
576
330
512
505
345
487
524
296
515
666
318
566
722
318
524
538
321
496
550
291
487
696
594
486
353
618
582
337
484
503
576
454
350
659
396
456
517
426
417
478
477
494
348
641
301
553
405
397
528
499
315
563
611
428
384
530
502
448
337
563
612
364
423
574
399
411
501
522
321
410
466
296
527
295
528
