755
522
597
662
625
415
662
678
519
509
450
387
584
541
537
513
400
524
582
529
282
590
525
290
699
675
440
484
394
489
399
479
424
514
458
361
482
416
445
554
545
373
495
573
542
282
537
580
291
542
539
365
378
521
312
460
575
523
301
605
388
370
624
504
457
426
506
495
342
549
287
602
675
441
593
503
361
508
436
485
498
258
215
221
222
267
271
234
228
219
256
234
259
238
233
229
223
277
250
225
220
229
245
282
246
229
233
236
219
238
285
225
220
222
268
261
234
233
246
229
215
235
220
252
234
220
267
243
270
222
221
231
235
261
244
238
233
214
222
228
245
235
222
232
264
273
267
266
229
236
229
244
235
263
236
216
222
232
214
222
215
229
231
236
220
239
225
256
275
307
229
225
215
228
247
244
215
215
232
247
227
233
222
225
242
219
230
316
326
277
237
278
277
320
325
286
231
273
274
289
337
362
333
287
295
233
253
264
285
247
259
262
268
282
236
256
308
248
216
274
267
256
238
227
247
216
216
223
230
220
274
222
215
229
227
227
221
221
241
221
222
274
222
214
219
237
246
225
237
220
226
263
291
232
229
214
247
240
242
252
226
216
227
229
271
308
268
232
233
238
246
251
243
237
238
250
271
260
245
224
243
222
229
267
232
224
217
231
244
234
241
272
228
228
216
248
221
227
243
220
222
222
220
227
224
219
246
215
222
231
232
235
214
228
224
214
224
216
231
215
224
259
283
228
218
234
241
369
281
321
311
248
262
259
308
277
265
325
279
243
282
270
250
271
307
346
299
269
239
272
245
585
309
550
486
326
597
524
438
381
719
483
386
488
467
322
451
534
346
541
380
420
519
509
395
391
543
500
568
317
609
584
289
566
501
321
439
569
257
534
412
444
492
331
451
501
355
551
457
628
393
467
460
520
369
361
650
550
288
477
465
361
562
550
440
401
549
463
373
651
576
504
297
484
445
378
471
509
412
521
500
542
377
593
469
409
447
514
405
434
625
518
422
422
651
271
532
626
407
358
578
440
388
623
510
