790
358
399
570
388
524
651
311
545
519
317
734
587
424
471
427
627
680
562
537
274
540
538
330
436
513
300
478
399
342
583
605
347
500
319
458
578
402
554
549
422
400
480
424
370
521
278
464
544
502
362
492
341
474
603
534
449
318
542
369
438
559
470
360
432
485
404
403
442
282
488
435
354
514
508
450
482
566
529
334
508
330
490
508
415
480
405
511
320
475
369
380
339
407
716
615
306
654
490
836
664
610
466
655
604
451
522
626
657
635
639
479
477
696
426
689
607
582
756
656
631
648
565
566
745
550
765
605
546
634
531
518
633
729
395
545
582
603
507
645
572
555
373
551
417
422
826
688
1242
838
1202
710
403
594
580
355
495
606
565
573
570
446
770
645
820
594
581
589
592
500
564
501
756
613
595
657
681
629
590
565
466
578
545
567
555
557
639
426
590
483
527
403
781
667
644
578
636
693
451
696
502
542
681
1100
1108
1226
462
476
436
415
431
565
416
466
602
398
361
594
281
554
531
412
508
555
559
379
517
507
448
344
486
335
512
571
800
416
485
548
575
393
504
531
497
463
459
461
582
515
583
412
437
533
515
277
546
530
557
458
414
469
365
543
504
522
467
401
540
445
372
637
444
407
496
413
545
473
528
322
559
578
568
