496
377
249
310
449
363
275
327
361
356
305
311
379
420
340
290
364
347
459
460
364
283
311
308
310
368
395
259
268
404
383
446
382
245
319
474
449
268
257
309
356
264
256
355
293
272
272
393
386
359
265
260
281
394
308
275
253
352
277
320
302
344
372
252
262
344
443
385
391
285
252
297
303
304
267
252
337
402
475
382
402
349
245
333
369
357
255
285
346
355
341
302
252
279
291
281
296
275
359
380
362
252
267
382
412
564
450
466
459
283
326
325
342
350
291
313
437
371
295
331
378
364
389
311
284
285
221
258
398
293
256
342
328
323
251
367
238
351
329
425
291
281
274
217
304
323
325
245
373
235
328
376
313
283
298
365
258
416
344
277
319
291
320
294
281
294
331
329
285
261
318
218
346
357
280
340
371
315
327
241
285
330
341
270
344
244
383
289
214
363
317
218
351
247
361
346
322
343
378
280
214
233
368
278
234
235
371
221
300
343
253
338
230
272
333
283
420
339
454
632
486
267
543
563
318
557
271
275
320
238
364
262
222
316
357
275
304
281
373
267
312
238
355
281
435
296
334
281
370
324
238
285
337
312
286
223
312
364
222
446
363
311
364
320
331
285
378
315
289
309
260
283
247
324
337
270
253
252
283
280
329
277
355
346
320
322
215
358
227
317
316
321
280
306
282
359
281
380
245
248
344
346
263
277
339
284
252
280
322
282
271
385
337
307
374
371
293
410
446
367
388
330
470
468
537
295
487
349
288
273
285
274
264
333
345
283
260
387
428
422
326
259
317
404
408
357
267
260
309
277
258
407
431
441
464
470
298
259
356
394
385
377
305
253
311
288
342
256
268
351
301
256
320
421
421
417
380
348
265
255
296
312
260
283
334
410
413
280
255
264
356
388
320
275
293
412
291
319
280
388
400
358
264
276
334
363
277
253
287
344
305
258
270
303
267
292
313
336
256
268
300
286
306
278
289
257
326
447
447
499
266
284
282
311
357
299
259
288
362
423
432
429
468
364
261
304
327
440
257
268
348
303
270
263
423
431
456
299
292
337
463
405
252
327
413
365
252
293
419
391
324
328
306
271
327
385
281
252
366
366
373
398
268
293
352
378
443
455
323
245
291
401
266
282
388
383
385
394
375
392
369
263
256
313
395
416
336
265
281
380
396
386
244
274
318
398
308
311
321
260
303
270
286
262
340
337
254
336
383
290
250
300
270
268
271
389
383
416
452
391
253
258
346
479
449
422
412
392
268
253
320
336
262
276
428
414
411
264
244
376
394
261
276
374
459
433
315
253
326
360
342
280
256
304
421
420
251
257
369
389
363
252
285
402
433
392
295
277
378
415
438
434
370
453
297
260
305
312
