473
264
277
380
403
321
291
320
500
493
453
463
473
338
281
319
531
443
320
288
428
316
474
317
249
343
366
344
274
340
394
250
287
344
354
318
253
272
298
265
276
352
300
252
283
363
262
270
329
314
265
282
304
259
286
361
268
327
404
294
286
288
416
434
467
376
322
288
312
325
323
294
326
316
279
266
292
356
369
292
295
270
266
344
380
315
357
246
297
350
269
283
283
421
391
437
368
307
295
285
339
363
372
370
365
305
298
395
389
305
349
379
308
339
225
217
245
260
301
313
295
297
251
236
224
225
245
292
281
256
285
316
296
273
294
299
287
318
236
214
251
296
291
265
310
327
350
258
300
256
307
289
287
300
315
336
272
298
264
296
249
291
310
315
289
306
301
310
266
271
269
280
321
306
277
304
302
313
315
323
300
328
298
336
275
283
286
326
268
276
285
301
269
291
328
286
310
275
272
276
283
264
279
316
385
387
324
331
400
328
383
406
294
321
254
238
267
288
288
289
271
295
287
288
302
292
296
293
317
318
347
292
302
315
291
282
301
307
332
299
278
259
301
310
311
292
291
293
303
290
285
281
281
300
263
265
248
264
276
342
332
314
278
337
275
278
297
302
285
280
283
281
283
353
284
289
324
282
297
293
348
328
313
297
276
296
289
311
357
288
272
291
301
298
313
302
283
296
317
292
324
356
364
380
335
397
296
268
278
418
338
247
353
426
276
312
332
340
348
352
290
271
348
374
360
271
271
345
423
404
295
263
271
268
254
274
253
272
298
353
309
267
361
387
251
255
292
372
377
395
286
333
293
358
255
250
396
457
342
275
270
334
428
313
260
307
326
324
326
274
282
343
408
444
382
451
327
243
313
442
427
436
352
267
254
385
409
336
337
328
279
345
337
373
272
274
265
332
379
