529
310
353
317
351
376
351
411
304
338
436
517
442
319
347
425
289
350
336
303
262
293
390
302
304
379
527
466
452
293
344
450
474
395
360
266
405
599
501
474
383
280
347
431
469
370
429
287
275
450
434
392
366
385
317
272
291
367
433
255
293
371
317
268
344
404
436
396
378
275
294
377
401
293
272
320
416
306
257
342
376
369
260
258
477
381
273
254
326
434
399
258
257
421
370
333
258
296
420
423
418
300
315
477
434
408
480
406
345
291
298
347
431
311
305
336
447
370
329
418
312
379
324
402
411
453
290
391
271
348
292
321
288
377
305
321
383
289
463
275
388
460
238
357
326
445
411
325
214
347
273
318
527
411
373
342
436
335
376
357
562
572
377
425
410
304
438
296
408
428
314
453
321
378
397
266
346
450
334
260
432
320
489
311
365
335
378
259
334
355
585
699
820
572
745
791
576
395
426
373
420
341
368
300
317
411
288
378
304
344
390
331
426
353
489
432
348
343
476
335
290
364
372
258
360
334
560
403
359
447
416
341
325
465
298
331
410
392
365
343
473
448
476
480
442
375
297
387
292
259
437
337
476
387
386
432
613
450
441
350
280
313
405
391
380
415
452
624
334
536
304
367
865
571
697
629
317
314
357
261
253
295
350
316
255
260
332
294
252
265
309
379
296
275
326
499
354
248
256
409
370
271
265
293
279
283
326
307
359
262
251
360
261
258
313
314
251
269
340
297
252
346
397
264
270
381
433
324
251
325
395
421
299
293
306
346
286
262
278
295
326
266
272
340
403
399
292
247
312
424
307
270
263
304
316
275
282
265
320
344
248
285
320
286
254
264
331
329
257
253
311
348
348
244
267
328
451
332
274
268
290
362
356
265
305
329
374
309
250
295
269
249
289
269
261
368
358
325
296
256
286
320
295
263
277
417
334
256
264
332
267
251
324
382
256
255
287
344
315
293
245
263
414
424
313
247
379
360
365
358
275
284
283
268
275
302
268
274
367
295
252
317
342
267
268
367
261
256
287
418
261
256
311
367
280
258
332
325
246
341
399
435
261
252
259
306
288
254
358
372
435
281
252
268
417
341
268
269
334
413
329
270
271
341
427
401
443
380
312
261
326
329
264
285
275
323
294
255
273
407
434
292
282
294
339
300
242
288
340
325
362
346
380
357
263
295
351
319
327
252
322
373
254
277
414
312
263
276
348
373
431
366
281
354
266
256
291
334
263
283
291
328
288
270
292
316
360
329
261
266
323
285
284
267
287
318
271
247
300
337
408
294
251
319
397
338
261
296
275
289
302
268
364
421
321
315
251
358
388
268
