557
397
285
274
316
401
289
316
311
300
323
442
436
434
272
371
334
389
396
443
387
254
273
414
264
294
381
311
279
374
357
338
310
336
267
303
378
359
280
265
414
452
390
371
416
353
303
307
403
303
285
381
326
266
350
419
443
439
274
299
445
363
249
385
443
310
253
404
499
435
265
277
345
344
274
410
458
417
457
476
257
285
428
364
312
331
328
391
471
406
296
272
446
482
446
284
313
426
428
295
313
435
330
229
215
214
216
221
216
223
241
226
225
221
221
219
221
220
215
220
218
217
217
224
230
230
218
215
222
214
223
228
216
222
222
231
236
225
226
230
218
216
220
222
222
222
216
220
238
237
216
218
222
222
228
241
221
238
217
238
231
229
214
218
214
226
223
230
214
228
220
220
214
216
234
238
222
223
232
226
221
239
217
221
229
241
223
216
542
222
220
221
216
217
230
214
232
219
216
222
233
222
214
233
229
229
220
221
221
223
225
228
240
216
306
328
294
297
297
252
254
267
253
257
257
260
258
292
228
247
225
247
214
237
256
235
219
224
216
215
221
221
219
230
221
223
223
215
220
225
238
231
260
238
217
229
225
224
225
237
215
229
245
222
224
229
222
233
223
217
216
232
222
214
215
225
217
218
214
222
228
229
221
228
224
223
222
222
228
221
222
229
221
245
217
222
223
228
221
249
247
256
228
256
238
244
231
236
229
236
227
231
221
225
232
241
228
225
214
237
217
233
228
222
226
235
230
216
221
230
238
222
228
232
225
214
221
214
216
220
220
215
222
239
254
255
242
235
242
229
290
268
295
219
258
229
256
398
265
294
401
422
436
399
367
301
253
313
413
402
458
415
278
256
407
334
290
370
531
445
400
289
280
345
412
388
304
282
479
398
256
331
438
359
317
257
367
459
421
474
385
257
282
459
529
266
296
408
438
391
461
429
269
269
458
464
442
409
307
291
421
347
269
284
274
263
304
287
331
318
289
363
361
301
329
264
312
342
335
327
314
315
430
344
268
344
271
339
384
431
549
446
275
273
415
439
459
442
291
259
368
450
378
258
406
422
302
312
440
413
504
408
512
325
264
401
393
421
321
264
390
412
427
404
301
285
322
415
456
294
294
398
422
470
310
267
320
284
320
363
488
353
374
262
297
426
267
283
369
403
376
271
393
416
506
447
267
276
431
431
262
306
408
340
251
317
433
280
281
389
334
272
323
461
455
406
406
277
401
385
475
459
441
469
317
297
348
499
463
441
297
283
424
432
392
270
328
403
403
441
495
517
425
429
473
429
518
385
252
301
349
343
261
312
413
413
397
284
305
386
276
331
376
322
246
331
446
449
420
456
403
275
263
417
385
292
260
372
424
438
342
259
323
348
261
299
378
421
402
264
322
391
263
294
413
381
