702
521
503
334
500
647
386
648
631
580
500
327
490
588
555
535
584
425
457
474
329
498
563
301
455
735
291
534
444
508
362
518
455
443
472
461
547
416
458
503
619
534
426
487
482
318
507
566
388
431
555
435
439
537
536
407
384
587
607
400
457
623
491
394
479
517
403
450
640
381
474
595
327
571
604
451
519
527
398
492
402
328
254
220
233
230
214
267
272
268
230
213
221
240
272
275
227
221
218
230
271
281
318
296
237
230
239
228
216
275
272
228
229
220
252
251
250
226
228
215
227
235
220
247
239
230
281
252
263
248
253
233
218
226
225
253
224
222
215
222
243
246
220
224
257
264
216
221
214
239
254
269
261
225
214
222
222
224
237
218
240
216
218
222
227
226
252
265
278
228
221
248
262
229
232
236
229
252
225
216
244
232
240
222
225
234
232
285
271
257
250
316
297
266
250
316
298
269
264
233
229
307
374
352
330
266
285
265
247
284
301
275
275
260
265
308
389
312
353
273
221
222
229
214
241
225
250
215
223
227
225
225
245
246
243
216
227
221
232
228
220
238
260
229
237
231
214
230
235
236
224
228
217
264
267
222
223
221
242
253
261
238
227
299
256
222
214
222
249
230
264
243
265
285
234
220
227
227
226
217
232
236
218
262
278
223
216
221
235
231
238
239
230
222
221
244
221
238
231
214
227
221
228
214
240
231
293
256
238
240
221
221
220
246
263
225
220
219
221
254
288
283
221
227
232
241
360
321
321
357
287
252
299
292
241
237
291
362
248
291
261
231
264
263
288
310
288
231
263
293
616
341
448
621
630
389
470
529
591
367
518
556
424
398
486
507
397
552
320
439
538
525
358
428
508
424
488
495
585
477
388
644
583
494
373
534
537
411
490
536
581
271
512
275
492
512
305
488
516
490
335
471
593
562
438
464
510
478
367
555
577
348
460
574
556
286
625
564
588
485
369
473
434
414
516
552
319
514
556
316
553
545
463
377
480
555
421
373
579
311
475
669
285
555
667
527
372
543
580
408
410
607
