785
402
369
535
553
392
579
405
542
555
370
611
545
309
530
388
660
654
541
254
500
661
421
388
539
357
354
562
312
450
498
318
560
538
395
486
330
508
608
314
525
620
467
369
412
363
350
517
356
430
424
361
526
452
310
557
430
365
466
443
394
509
487
353
421
422
327
484
471
366
459
474
288
514
467
371
471
363
563
469
554
367
478
471
345
527
394
504
352
503
587
392
497
497
297
644
392
493
606
344
587
853
609
580
575
584
559
545
623
625
749
609
342
549
629
548
477
731
599
780
625
588
658
634
573
744
624
648
664
628
560
557
512
652
636
475
542
565
538
501
688
615
602
421
470
456
396
811
701
1135
970
1116
715
355
380
699
385
398
482
628
546
562
528
535
810
658
694
673
523
629
592
518
597
587
752
628
646
647
595
627
511
469
508
617
475
550
598
597
596
433
593
480
522
512
832
739
685
527
738
668
576
515
552
595
911
1194
950
272
314
451
516
517
428
446
481
425
479
638
550
305
461
631
264
500
310
505
535
418
453
390
384
482
532
376
505
545
539
323
691
798
510
588
436
502
455
517
553
485
392
548
520
561
437
435
559
533
490
368
524
571
568
581
364
556
485
537
497
415
586
605
267
641
603
339
486
588
473
358
524
294
528
486
444
347
