718
274
563
660
287
662
416
431
364
507
556
325
596
719
320
568
651
329
470
376
463
424
342
552
300
483
619
356
433
578
493
432
342
678
414
477
507
512
416
330
531
650
345
483
609
609
412
367
531
269
588
496
543
266
550
488
349
469
569
657
425
442
617
564
380
578
684
402
454
476
626
534
252
625
417
539
333
543
577
270
560
715
368
474
565
465
451
425
607
446
401
426
510
492
412
441
673
694
380
504
488
621
561
489
754
746
858
619
652
642
499
671
825
837
639
565
510
556
527
539
878
538
599
805
547
615
557
831
660
550
689
566
592
692
650
642
645
565
839
442
709
842
1021
1292
1104
352
631
568
555
647
610
565
590
835
773
744
614
584
642
673
614
662
488
676
718
720
504
801
530
529
720
609
495
830
637
743
664
602
698
710
592
909
751
533
738
559
724
779
621
612
923
1052
1173
2057
448
437
507
518
541
379
436
518
596
442
338
618
515
399
408
589
455
309
493
433
452
529
311
450
600
618
478
383
525
500
410
626
621
380
631
493
351
540
543
284
481
635
370
451
533
691
501
379
537
500
498
279
598
624
254
541
322
521
490
511
394
460
452
513
517
466
372
524
528
353
450
627
480
310
507
544
511
311
557
530
308
470
439
398
459
709
387
596
348
540
542
482
384
603
