923
588
457
366
597
570
499
433
546
467
386
543
536
513
292
502
576
291
575
616
519
432
541
590
463
265
586
554
463
394
518
516
342
565
607
474
473
524
451
371
648
565
466
450
608
532
336
510
522
458
433
601
498
463
433
559
549
437
449
505
501
450
380
541
531
322
485
648
291
583
542
373
533
601
328
537
560
540
482
475
494
504
390
497
460
407
460
438
533
546
264
484
770
482
404
429
577
487
331
516
508
350
589
638
472
360
642
450
461
726
289
309
353
340
313
294
288
231
254
357
309
269
250
282
335
271
277
270
299
307
300
362
245
270
356
361
319
379
236
230
244
256
285
306
270
277
247
285
268
279
276
222
228
297
279
297
295
302
250
248
274
311
260
322
294
289
259
258
318
330
293
256
258
312
298
373
325
314
255
258
274
275
314
312
248
235
280
304
272
290
305
280
285
258
276
269
258
286
288
260
273
312
334
340
358
258
356
396
466
363
406
421
377
380
532
320
402
501
263
245
245
260
293
262
264
310
297
293
287
272
280
288
279
269
291
333
336
335
297
225
264
350
288
250
311
328
360
324
243
245
276
270
307
249
296
336
240
225
332
331
281
248
305
312
273
259
306
283
281
309
338
272
321
316
341
269
231
304
369
341
254
317
329
295
281
332
298
306
268
304
313
297
259
229
297
295
310
284
220
274
342
321
289
230
296
343
429
426
389
314
323
395
340
314
346
476
361
740
386
477
571
299
501
595
409
410
545
716
348
467
663
502
623
268
616
343
364
447
342
491
341
401
452
381
422
444
400
421
427
290
533
572
319
438
719
512
287
533
374
454
434
315
578
439
448
478
543
478
365
562
523
334
467
373
467
411
383
444
411
446
474
456
463
469
455
371
418
499
402
336
474
466
303
524
362
426
474
412
392
469
321
482
554
457
409
618
410
434
425
487
512
407
388
637
257
429
502
287
587
294
486
530
406
389
540
594
293
506
537
263
477
391
299
511
511
287
440
489
306
518
496
451
265
499
298
527
575
444
334
632
495
327
578
492
310
476
586
412
387
569
473
456
347
573
459
330
366
651
289
476
697
519
354
524
560
282
500
511
389
363
643
583
398
380
613
294
510
504
332
529
415
344
578
293
455
580
569
564
385
396
584
436
394
594
426
490
580
381
456
518
