724
347
446
418
295
661
334
546
491
331
637
635
313
523
426
560
617
679
382
516
551
370
430
576
413
376
544
450
331
496
456
387
606
290
504
613
320
491
293
572
577
551
294
502
500
390
387
542
422
392
546
402
404
570
513
306
617
463
491
394
478
432
303
517
419
383
479
545
329
452
498
408
380
399
406
520
375
489
458
496
316
429
460
436
495
383
402
428
613
397
434
666
513
349
503
327
612
756
334
647
837
611
496
663
571
518
457
561
627
721
603
419
560
675
542
510
662
593
779
667
609
631
597
517
751
666
605
699
637
621
542
478
640
679
432
586
613
488
460
640
653
609
427
507
415
381
757
637
977
1028
1063
780
272
361
447
663
418
458
525
547
605
541
544
532
899
678
555
610
609
628
540
609
472
605
765
587
643
694
631
591
428
590
475
705
564
594
596
566
514
507
469
655
399
644
684
662
589
569
734
580
712
539
599
614
1052
1042
1021
334
432
415
402
478
505
623
413
434
581
426
333
595
457
370
703
384
394
555
630
438
417
520
467
354
497
568
515
280
801
478
517
480
586
387
555
518
416
557
485
323
552
607
519
358
459
562
553
455
372
529
578
466
505
454
546
364
456
453
465
356
534
722
297
495
509
336
480
460
392
460
537
290
631
500
469
376
