416
523
646
572
317
442
519
323
549
663
425
427
566
653
499
578
574
364
581
475
319
558
642
346
418
614
568
553
349
481
486
294
471
697
389
499
704
390
427
550
559
383
501
575
564
292
525
561
272
583
556
439
438
555
529
298
521
484
536
384
494
489
420
415
536
355
385
605
293
486
340
502
663
606
496
333
649
591
334
454
614
284
430
600
545
489
427
421
510
452
384
516
579
762
482
343
447
562
457
343
714
496
298
585
598
549
306
669
555
396
641
288
299
337
302
223
221
257
312
277
250
301
324
302
292
254
285
296
237
321
263
277
298
374
224
264
323
382
315
322
220
240
281
261
290
304
276
274
273
286
266
298
279
321
312
299
276
321
274
281
269
282
281
270
345
268
302
262
275
307
325
312
251
264
313
310
332
349
227
245
289
317
288
313
231
252
283
266
298
251
303
283
276
277
269
268
267
278
302
290
284
279
324
335
359
296
294
357
381
431
375
399
418
416
405
450
315
502
434
224
222
270
283
243
299
308
315
265
276
295
313
312
269
252
254
320
346
388
343
308
222
234
349
321
292
264
304
377
348
271
226
241
304
312
299
230
312
396
360
272
247
275
346
255
262
317
278
281
301
283
353
292
332
322
292
283
285
311
357
294
287
342
296
241
340
321
263
282
346
290
324
233
258
280
292
318
280
271
257
269
325
257
268
291
341
355
411
410
373
302
385
399
385
308
345
430
400
715
303
565
630
375
402
584
420
381
532
314
463
687
371
462
565
602
287
498
615
347
406
498
316
442
437
365
457
499
413
462
453
294
479
568
442
357
659
437
345
496
412
475
313
417
523
394
462
502
447
328
550
405
368
574
297
526
507
324
502
390
474
461
533
336
489
511
477
316
526
475
356
438
492
435
367
520
365
372
431
315
497
407
316
575
416
321
542
412
456
448
469
391
442
479
509
319
619
590
274
468
613
337
470
513
350
498
549
595
308
504
567
383
461
487
527
486
281
565
548
562
249
426
483
289
546
535
286
566
553
337
461
576
533
309
526
612
577
313
487
469
502
404
430
592
584
488
366
571
552
304
531
568
260
543
559
407
407
531
557
336
538
565
513
330
553
545
260
598
651
357
403
489
314
502
393
366
522
534
379
341
588
356
385
530
455
405
402
558
515
419
