786
686
290
511
464
488
630
389
587
662
545
375
700
552
329
669
546
302
540
407
516
457
307
551
388
525
482
507
335
511
433
410
524
366
382
532
504
406
346
521
525
325
612
563
435
357
584
554
263
677
563
553
548
506
445
517
582
602
265
542
378
412
618
386
494
723
517
453
386
552
531
388
375
345
457
468
453
359
513
524
434
509
437
386
479
367
541
505
491
426
404
489
488
387
455
464
528
753
452
489
476
518
564
469
632
815
783
826
543
652
569
592
794
818
747
542
527
560
501
497
670
826
498
746
657
504
751
513
777
572
682
549
575
735
690
555
599
645
718
681
440
739
983
1125
1200
1029
510
661
556
634
530
608
409
798
871
672
665
612
686
587
761
581
617
563
762
792
481
859
445
560
692
738
494
701
728
776
618
642
671
690
500
988
781
577
549
574
724
746
733
548
800
1139
1056
1076
296
568
421
508
343
560
526
287
477
566
570
455
319
579
571
524
422
467
550
427
392
534
635
508
295
565
513
388
504
511
317
553
735
674
476
556
579
305
487
573
483
356
517
616
424
506
526
662
495
383
549
526
508
385
467
695
380
459
568
447
450
425
518
491
384
666
397
501
521
576
422
383
593
552
322
542
552
536
463
386
516
568
505
391
475
286
532
567
555
497
479
368
583
633
