743
557
559
562
328
603
726
529
541
552
558
512
573
581
522
557
380
499
571
542
293
590
530
280
640
464
421
543
478
546
406
462
419
454
497
389
473
435
489
571
517
403
508
552
506
289
589
613
508
304
598
507
394
476
501
525
345
581
646
463
316
610
510
443
394
510
378
488
562
336
537
586
510
479
390
500
551
364
486
391
308
259
257
224
224
216
236
259
296
220
231
229
214
254
270
226
220
225
239
272
284
278
240
229
279
232
239
237
264
310
248
221
216
237
254
282
233
221
236
227
218
217
239
241
217
245
254
223
217
222
229
255
231
229
217
225
227
221
259
231
215
214
223
230
259
219
234
258
261
253
221
216
220
268
228
251
249
226
247
224
226
214
225
215
238
259
301
221
215
245
283
233
216
236
219
228
222
221
235
218
224
220
231
242
228
214
215
291
349
307
287
284
279
242
332
317
277
252
269
263
289
331
355
329
257
256
245
297
296
291
286
264
251
291
330
367
296
270
249
228
232
251
225
236
256
234
220
227
234
228
236
242
246
238
221
232
220
215
226
230
250
250
242
221
230
224
233
234
243
228
220
221
284
232
228
221
236
274
245
231
221
264
301
228
223
233
232
282
238
271
256
248
273
272
221
230
236
223
230
218
227
225
254
290
275
243
271
222
243
224
226
240
243
250
228
223
234
217
227
221
228
225
223
230
296
230
228
227
252
234
226
243
246
225
221
222
216
288
246
215
219
243
245
250
356
278
243
238
279
282
282
311
311
276
274
260
284
241
296
247
249
255
256
341
295
334
228
263
276
602
464
324
562
267
566
603
531
305
615
502
367
468
561
459
336
629
552
323
459
439
313
535
505
418
394
531
619
371
448
528
515
465
447
626
658
479
327
534
405
469
594
491
375
533
511
287
507
605
512
415
342
526
561
443
462
549
553
317
498
657
455
353
496
575
348
565
633
527
451
366
547
491
370
435
497
337
504
589
370
453
468
481
415
549
386
346
552
309
505
590
574
259
643
338
507
518
310
486
569
301
533
595
