426
646
516
387
574
582
411
640
472
492
492
350
532
568
520
523
486
553
436
421
470
585
277
479
551
301
640
496
395
462
513
322
468
628
441
474
377
556
471
431
411
480
515
358
360
355
534
560
349
451
578
302
516
570
470
386
460
504
262
553
602
320
478
563
264
511
424
326
593
508
387
566
605
441
429
735
512
479
480
484
530
443
355
429
255
238
256
224
214
264
261
272
216
215
228
232
301
269
219
215
229
231
260
237
271
228
225
227
295
242
224
226
232
235
316
246
214
235
220
226
250
227
232
240
229
286
225
228
221
221
228
255
257
224
225
234
249
218
224
226
230
229
221
214
252
251
241
224
255
272
262
215
229
214
236
264
269
232
233
215
233
232
220
222
223
221
252
232
295
216
213
246
313
263
225
236
247
219
237
226
240
232
215
222
237
232
224
221
219
214
286
305
276
233
255
312
314
293
256
245
273
275
280
354
261
243
286
328
341
317
279
254
273
255
248
302
332
239
254
308
316
317
242
235
214
224
228
233
248
241
218
223
226
237
221
241
223
232
227
224
218
231
221
220
232
214
220
241
234
244
223
214
220
221
242
286
271
229
223
231
245
272
231
230
231
281
268
236
219
238
235
252
214
225
231
228
232
244
276
242
235
245
232
229
217
222
220
217
252
221
237
250
251
223
225
226
222
222
227
231
216
236
227
218
229
218
218
217
235
219
267
270
271
214
218
234
223
241
254
272
246
218
222
244
221
275
264
244
221
219
333
297
327
324
258
281
320
346
292
313
248
271
248
293
298
276
241
345
252
241
284
268
279
231
594
526
284
572
670
395
459
560
623
293
524
464
266
508
508
311
563
286
443
611
379
365
536
531
444
340
617
559
555
389
495
477
373
505
607
315
478
624
615
345
458
571
431
449
520
469
321
527
440
429
453
487
511
385
485
487
554
278
593
583
396
474
521
412
324
644
282
533
560
521
445
439
555
470
351
478
562
312
507
619
578
344
512
489
382
467
531
537
351
532
596
267
535
708
323
502
592
540
272
536
542
280
580
