791
273
529
573
525
361
518
571
333
559
483
318
481
593
510
327
460
628
288
550
614
520
376
513
525
322
453
531
285
519
538
351
434
566
751
385
440
531
464
364
693
591
395
534
577
567
370
433
462
278
604
574
464
447
465
440
423
552
643
495
399
471
514
549
333
491
567
681
627
261
601
509
335
562
514
401
526
474
357
532
684
515
382
355
530
443
313
589
519
405
404
487
474
316
703
555
452
303
525
538
533
485
496
618
449
438
538
333
529
521
382
619
306
299
326
314
303
326
262
265
271
354
301
278
258
293
334
256
276
275
302
281
318
329
261
296
338
343
316
290
262
263
279
267
294
315
266
276
256
284
260
286
278
356
309
296
284
331
266
289
282
277
289
261
335
282
288
256
270
312
324
303
264
260
309
292
347
245
271
303
285
276
314
278
264
266
270
287
281
269
332
296
284
296
274
246
262
339
305
308
281
283
309
355
310
394
307
285
365
428
405
350
389
422
428
395
334
445
310
294
262
291
279
255
288
312
313
261
280
283
306
275
271
259
274
313
361
359
345
273
243
280
310
296
278
280
364
383
334
255
241
262
282
331
286
253
348
400
360
298
221
272
353
324
244
276
314
270
279
280
322
281
330
311
299
283
288
296
359
293
290
311
280
273
354
319
269
274
332
286
289
255
273
271
295
327
312
272
265
280
357
244
247
290
314
360
410
410
413
384
330
356
296
314
382
488
374
786
639
432
476
496
416
395
687
457
359
559
599
245
557
432
316
535
529
326
586
456
346
477
406
347
439
380
454
484
332
427
478
277
488
602
575
273
614
580
375
447
419
448
453
397
440
453
440
434
534
478
332
542
543
377
503
336
461
551
411
423
459
487
332
567
543
433
312
531
465
289
511
495
442
372
481
343
418
417
364
518
481
275
535
525
371
453
497
467
467
470
468
376
372
566
486
403
597
536
273
500
294
494
552
588
452
730
342
510
349
431
581
435
462
409
491
447
349
508
571
458
465
337
656
593
497
356
542
322
461
543
429
366
512
537
351
565
514
421
557
580
381
555
484
259
534
579
292
513
614
521
257
550
466
403
610
503
500
332
578
475
394
482
504
309
462
255
585
631
270
466
344
356
571
331
361
594
529
254
471
597
275
501
534
449
422
404
499
526
490
