665
288
472
546
281
682
360
485
562
322
532
549
386
578
465
520
752
624
329
491
570
670
382
422
586
514
358
475
462
327
512
601
359
512
561
278
484
376
530
480
278
595
460
315
460
488
322
520
519
302
446
260
522
552
543
304
512
471
301
505
596
522
392
460
486
353
420
456
366
460
525
334
380
509
353
555
516
656
295
516
520
340
457
416
461
378
544
607
304
517
644
404
453
490
339
572
418
504
472
925
654
569
597
572
559
500
555
561
728
631
591
556
355
750
459
656
601
665
729
658
671
594
648
538
654
694
741
630
624
595
516
616
630
572
503
602
553
495
646
644
609
462
559
380
447
740
650
1180
912
1126
708
368
353
649
508
411
473
591
548
572
517
490
772
639
779
640
537
622
595
503
612
531
739
649
642
613
661
640
598
472
556
619
478
551
551
649
588
433
581
493
517
514
783
739
594
524
733
625
587
633
518
544
880
1190
1028
252
348
445
477
366
478
537
640
516
336
594
568
292
477
488
341
732
574
398
350
633
307
518
517
508
439
530
521
555
316
675
663
459
437
527
562
494
555
332
486
509
563
408
469
573
467
474
400
550
557
521
340
657
484
558
469
462
536
527
491
402
527
654
436
360
657
430
355
552
432
344
550
496
410
508
568
