743
281
577
639
315
572
622
351
437
346
588
573
380
675
554
373
457
333
645
397
407
564
323
524
462
305
543
468
364
529
499
536
349
575
407
422
486
449
346
471
548
499
347
598
503
308
504
525
327
550
536
631
279
510
600
457
339
542
575
641
400
468
562
258
552
530
320
676
450
445
410
565
281
453
542
418
464
487
601
590
275
545
652
333
581
651
443
435
381
601
412
289
596
509
483
404
489
673
651
390
538
442
575
566
486
792
753
911
691
588
668
508
664
796
901
692
477
466
551
524
547
825
545
593
821
582
618
506
740
749
547
654
534
527
742
643
629
573
605
837
479
584
874
1035
1304
1149
890
653
564
638
563
652
631
779
819
669
648
592
682
558
775
567
581
693
811
674
503
799
530
579
673
651
573
854
784
619
759
510
754
695
691
772
812
425
680
732
735
765
582
824
980
1054
997
280
312
411
412
483
466
423
398
517
543
429
361
500
620
527
335
490
585
557
339
415
583
574
270
520
321
481
640
597
321
485
536
406
407
651
467
390
830
575
308
506
636
472
368
527
702
437
396
508
579
267
510
570
482
392
529
632
710
317
514
572
482
452
473
468
485
530
575
433
449
500
543
499
327
554
527
313
507
524
524
313
490
578
491
396
583
585
373
438
522
503
460
312
564
446
409
556
