395
686
490
380
447
321
634
702
271
572
480
356
531
507
596
373
434
473
554
433
385
505
584
351
490
593
731
447
424
436
499
365
528
567
451
386
435
598
422
383
426
623
448
454
398
301
515
564
423
404
578
350
454
557
476
324
518
534
441
486
578
478
362
542
608
553
452
486
481
564
339
605
438
467
609
388
527
390
433
554
380
491
466
224
245
266
251
266
222
214
213
262
267
229
214
228
215
275
241
214
225
215
255
297
279
268
216
249
241
239
233
258
254
215
222
262
246
223
222
232
216
233
226
217
223
272
224
215
222
220
217
256
239
233
215
227
236
244
234
216
214
231
222
240
225
241
218
272
221
213
223
218
244
254
249
221
223
250
228
222
239
223
244
223
218
219
216
230
232
271
300
251
221
223
263
246
227
226
225
237
216
234
229
226
222
234
235
220
228
220
224
282
315
302
291
281
258
261
320
298
288
255
248
253
299
300
276
266
294
306
304
302
251
274
254
241
301
402
348
343
226
233
274
280
257
244
220
244
256
237
233
224
232
226
248
233
225
214
227
230
231
213
232
221
245
227
229
250
220
214
229
229
223
233
249
273
229
213
224
258
251
232
249
217
221
222
230
277
313
283
244
256
233
214
232
254
232
244
250
265
250
224
237
222
234
219
295
214
222
215
247
251
236
238
223
226
229
222
216
216
233
240
236
222
218
227
221
227
271
288
217
221
236
224
256
226
217
235
227
220
246
242
258
217
222
222
276
269
252
359
288
251
260
300
329
296
250
266
285
256
250
309
239
251
270
295
257
251
313
304
294
232
276
302
601
624
270
561
619
419
438
558
680
463
355
518
473
441
442
568
299
531
675
505
276
477
498
384
389
547
564
400
481
555
509
429
455
569
299
539
581
452
438
534
521
290
566
388
488
446
544
425
432
469
514
462
280
588
412
393
495
423
401
613
542
306
532
570
466
298
611
251
464
516
331
498
548
454
318
493
339
523
544
502
402
492
438
453
480
506
412
394
644
588
556
331
594
381
406
666
514
315
542
537
315
558
575
