787
799
479
343
735
652
300
653
388
537
654
430
459
652
387
481
550
453
516
517
333
500
342
404
409
470
501
526
293
541
495
563
331
530
524
284
475
500
558
298
503
625
318
458
596
298
488
633
565
506
347
509
492
471
484
533
580
316
490
550
295
469
426
356
634
344
579
524
440
372
544
533
326
513
400
546
448
441
371
414
574
527
379
620
365
521
339
541
462
535
491
606
424
422
479
502
628
731
376
475
555
455
556
433
684
824
833
707
622
599
559
696
770
843
619
582
571
527
498
488
674
790
446
797
654
454
745
463
824
536
616
612
561
607
646
603
538
602
611
800
522
646
888
1043
1236
1155
341
538
631
563
641
567
611
625
832
814
671
606
629
652
625
700
714
437
674
773
718
459
842
488
620
632
651
563
864
633
701
666
598
693
777
639
828
813
479
719
691
723
713
589
689
1084
967
1003
294
438
307
454
430
454
408
504
522
478
293
562
550
600
475
325
558
486
301
528
441
401
509
527
432
441
606
490
304
563
566
459
421
585
549
366
595
708
390
556
568
563
316
473
528
345
544
625
476
412
550
582
403
445
465
617
512
385
597
590
354
511
480
518
533
479
355
635
488
562
500
313
515
582
587
299
450
570
489
369
527
579
541
395
517
548
535
304
583
494
532
322
421
497
476
347
648
