452
498
585
447
340
615
603
479
403
674
606
491
516
437
433
566
520
285
678
570
300
487
601
304
507
607
455
376
521
554
575
526
285
682
705
429
439
561
670
613
413
543
513
413
442
571
556
270
555
431
363
543
590
434
471
578
531
581
423
463
518
573
501
279
545
549
265
634
618
355
492
487
273
595
313
530
511
539
372
514
534
403
397
495
479
425
506
498
479
301
487
598
683
321
430
514
568
303
388
378
482
577
658
481
449
572
604
532
524
658
245
237
250
317
337
291
295
323
232
235
332
305
279
277
278
339
322
254
318
288
277
285
351
298
271
289
372
326
350
287
269
240
215
256
310
300
238
246
280
265
284
268
348
343
287
253
340
311
281
248
264
290
258
345
298
280
283
244
279
320
230
228
228
269
273
282
328
290
227
254
269
279
294
280
269
266
276
275
287
262
320
284
288
284
263
270
263
306
301
310
262
282
323
323
358
428
308
311
361
393
373
389
405
388
445
491
318
443
493
244
244
235
276
273
274
287
306
297
286
269
279
286
294
282
244
297
319
348
340
295
228
255
344
265
272
289
351
388
349
245
235
261
276
336
313
242
329
406
329
283
235
295
339
319
257
289
300
254
317
279
327
294
310
321
279
285
277
304
365
326
268
323
303
243
354
350
307
273
284
309
297
260
235
271
330
308
324
240
243
271
347
276
227
287
337
371
391
419
393
347
354
311
304
333
395
448
390
648
299
584
373
447
487
465
351
657
485
357
547
405
411
520
254
513
608
413
397
651
322
424
519
325
434
568
317
398
535
502
280
422
611
312
412
609
262
598
532
317
499
456
448
425
393
468
431
418
450
572
641
448
342
431
396
524
323
461
609
432
443
411
390
380
526
411
345
472
424
403
483
488
273
459
498
311
449
514
374
440
306
373
501
326
445
567
406
471
547
354
466
440
458
430
431
499
608
302
525
594
387
400
600
490
358
516
357
627
363
521
380
481
491
462
444
458
482
285
465
530
310
433
490
436
332
541
652
528
308
523
565
265
527
534
274
507
624
541
304
485
446
580
553
317
536
360
330
562
424
420
518
524
308
561
574
254
528
508
393
485
533
403
446
628
486
311
510
609
458
437
480
284
491
529
297
584
555
373
344
540
397
340
576
463
327
500
470
480
461
364
499
574
