622
263
485
310
489
757
368
480
541
313
527
343
621
587
487
498
734
695
636
265
454
469
306
480
371
431
494
316
500
314
403
570
359
435
567
400
481
306
487
634
423
408
550
346
370
541
395
400
455
383
423
520
279
491
398
374
580
411
320
480
360
361
559
497
336
468
462
317
525
450
408
475
550
375
375
415
369
557
408
439
442
589
355
455
441
324
380
471
356
455
435
378
638
563
344
514
453
367
632
300
578
486
758
707
652
486
685
606
408
576
619
707
540
635
417
530
649
430
638
605
574
674
670
614
703
556
618
785
545
660
672
566
660
495
512
641
718
395
593
584
564
514
633
657
557
379
595
429
412
843
697
1174
905
1142
803
366
737
435
431
462
626
585
521
568
539
808
695
612
720
521
680
543
514
556
587
702
589
680
613
582
557
628
514
520
684
536
516
555
604
590
478
555
611
441
640
738
702
594
521
721
583
582
592
553
564
885
1188
1012
264
352
433
490
536
438
444
534
488
366
622
568
327
455
594
262
627
535
313
511
521
436
539
540
503
370
506
536
575
330
671
750
566
589
440
469
386
540
309
513
537
523
350
470
542
508
554
380
518
494
367
454
616
457
444
426
553
381
511
416
507
351
499
660
261
524
686
442
381
591
497
339
479
608
363
404
585
