527
444
441
471
376
293
283
348
286
326
330
399
373
313
382
342
299
265
328
434
405
364
359
362
395
335
247
305
427
279
251
363
411
267
299
407
247
284
392
369
357
301
245
371
371
328
394
437
362
257
281
323
343
358
397
259
267
378
323
262
271
392
387
320
253
290
369
376
253
262
324
294
316
294
249
311
375
476
325
245
272
419
457
381
311
250
331
326
329
270
248
331
305
261
263
266
346
279
252
306
393
367
286
272
358
505
455
267
300
439
343
265
304
331
394
279
299
412
460
287
298
347
470
353
275
241
316
326
216
355
277
236
325
328
329
240
324
279
306
308
432
225
288
264
320
273
279
270
298
278
289
276
243
419
277
281
358
258
334
401
368
227
395
282
318
280
291
221
395
290
257
297
312
277
356
323
244
345
350
324
277
238
286
332
293
243
369
273
355
294
256
323
241
320
325
231
319
381
384
394
335
288
220
264
373
285
337
220
322
325
241
329
273
273
291
288
334
245
369
340
555
614
387
362
616
524
414
420
345
276
337
286
221
216
395
312
227
358
355
279
317
216
295
362
266
303
299
291
277
398
289
377
274
262
309
283
273
267
320
361
265
408
317
265
415
323
361
254
332
352
294
298
231
331
255
300
326
278
317
287
268
300
335
291
342
329
320
321
279
339
318
359
267
329
258
284
361
321
279
351
296
428
268
270
318
287
277
222
317
318
285
278
393
280
309
417
333
337
399
487
354
332
465
486
447
458
546
339
385
293
326
282
278
344
329
251
249
391
260
279
361
459
403
325
262
307
353
350
272
255
380
459
430
391
259
319
463
429
424
370
268
308
317
358
280
255
289
356
260
286
281
354
325
263
307
337
253
270
337
289
266
275
322
332
265
285
310
420
443
329
319
318
255
304
382
303
274
379
373
422
341
243
270
367
262
280
332
317
363
263
269
314
360
288
269
286
362
267
270
287
345
275
269
282
283
252
299
439
251
271
364
268
315
357
303
265
251
302
455
352
363
461
397
278
266
417
448
413
320
257
360
357
410
320
447
464
429
277
268
386
300
269
368
482
475
444
438
396
417
301
259
288
332
360
268
289
371
395
427
342
314
258
301
414
348
252
263
348
262
282
355
389
255
272
371
442
380
375
294
253
322
394
358
347
291
258
311
400
325
262
280
327
264
276
384
355
328
276
252
303
289
372
342
338
335
277
343
256
251
379
417
401
399
284
257
299
397
404
404
425
334
257
294
396
449
429
282
268
359
427
358
243
261
346
421
450
424
439
274
288
305
426
444
392
302
267
395
385
269
275
314
320
318
271
317
358
438
392
405
292
296
283
406
432
458
395
310
259
383
412
388
254
284
321
382
284
278
309
258
