564
497
390
329
322
330
308
410
400
313
312
449
530
538
443
325
341
316
323
361
291
340
362
317
331
435
474
426
357
298
440
460
394
334
286
421
567
286
315
431
427
545
364
264
293
381
422
449
519
438
327
270
272
372
341
284
260
349
392
382
249
317
398
311
272
344
405
362
290
268
360
334
262
291
363
294
302
364
391
403
258
290
341
402
452
410
320
258
313
441
407
390
421
265
296
331
398
288
263
385
451
487
319
299
349
390
381
316
304
341
401
427
385
360
357
285
531
377
325
372
271
325
370
456
362
409
333
398
266
390
307
354
359
369
333
376
331
223
450
334
456
364
330
287
463
389
315
236
352
271
324
419
467
388
463
216
466
339
333
443
583
383
455
385
422
250
443
296
393
393
348
405
260
438
410
298
343
415
379
379
472
311
487
236
433
339
334
341
298
518
572
748
694
680
688
646
269
388
379
347
449
326
384
335
308
419
384
335
224
402
366
348
427
302
613
336
320
425
386
380
325
357
332
283
390
285
434
499
433
217
478
329
383
387
410
337
339
426
392
303
381
352
496
466
466
439
378
263
423
300
221
465
346
426
429
343
432
681
377
436
354
232
361
247
414
417
288
505
535
500
385
488
317
842
636
686
611
261
272
279
318
341
285
259
264
311
295
268
289
317
351
322
282
303
411
381
518
396
380
279
257
371
398
295
278
268
372
348
297
246
294
412
415
305
250
283
332
343
253
268
436
411
453
407
263
271
378
427
420
275
254
374
396
300
261
268
328
277
318
253
302
394
330
246
321
376
322
263
347
271
331
324
243
275
324
325
274
246
293
409
312
270
278
280
334
273
245
288
346
353
279
253
312
313
373
276
280
325
254
269
295
422
327
246
290
355
406
406
298
248
274
391
259
251
329
359
297
253
257
303
288
264
300
367
260
269
303
409
383
309
245
284
332
353
270
290
273
301
350
377
256
328
408
459
278
277
288
358
342
287
279
289
260
306
339
389
405
367
310
249
305
300
256
324
373
367
255
256
322
359
249
283
390
292
244
390
421
391
264
244
285
322
407
311
247
314
433
301
268
251
401
325
267
271
350
386
341
267
257
365
380
351
289
291
433
356
308
254
319
315
338
304
250
280
345
425
308
255
319
321
309
303
261
356
290
310
309
247
302
409
373
361
394
324
257
297
427
459
250
251
354
327
263
286
321
375
474
368
287
324
270
276
310
371
307
266
247
277
300
323
265
261
299
262
261
343
323
304
257
266
288
302
264
267
341
341
409
279
247
335
403
405
324
287
317
310
294
253
266
354
325
352
256
341
371
409
