550
358
245
280
390
342
287
316
447
483
333
290
334
425
367
429
340
295
345
390
257
285
332
253
309
412
261
263
371
345
288
270
344
375
280
274
307
346
325
257
317
412
432
378
273
281
376
398
430
388
270
339
323
316
299
409
412
449
456
491
296
272
418
370
251
364
468
458
484
431
258
304
353
466
264
358
402
419
314
250
430
471
452
440
358
262
294
339
334
261
338
406
339
315
401
421
279
318
430
560
446
428
274
246
241
224
215
238
232
224
222
215
216
233
224
216
221
224
218
223
222
226
221
235
215
220
213
215
221
232
227
216
223
221
227
247
253
246
225
226
220
254
257
241
215
214
214
223
222
220
215
230
221
224
221
229
214
215
237
236
258
239
227
221
232
222
214
229
219
215
224
258
235
231
222
218
215
214
215
217
217
225
216
230
218
214
224
216
222
217
220
223
220
223
217
223
233
223
224
229
222
218
219
229
217
223
221
223
231
233
229
216
222
237
234
313
322
292
252
239
237
244
252
280
258
285
283
233
271
278
258
238
252
223
266
215
214
229
220
231
221
220
223
216
222
230
229
218
232
216
248
233
223
226
218
271
243
223
242
218
242
233
222
226
240
215
227
219
219
222
224
215
231
214
218
224
227
234
229
217
223
230
216
223
222
228
221
229
235
231
228
238
241
216
246
243
217
223
225
231
214
214
228
228
244
240
228
219
216
242
233
221
245
233
234
214
222
240
223
225
228
222
227
226
221
222
226
228
236
236
221
221
216
224
216
223
223
224
223
226
228
221
224
253
262
277
296
289
260
229
262
235
246
245
271
256
241
239
380
411
445
421
457
359
264
263
359
393
389
280
245
424
410
349
256
345
455
279
259
477
436
292
261
366
383
263
288
362
416
280
310
460
474
440
407
459
427
474
432
455
276
266
376
468
544
467
315
260
342
351
256
328
424
325
259
373
387
338
314
366
446
454
447
322
300
316
285
264
327
297
320
397
330
326
257
277
349
286
289
299
328
289
254
400
331
285
348
293
315
346
452
495
267
295
393
455
283
320
372
362
270
307
385
469
338
252
425
464
511
436
438
256
342
417
493
454
395
252
291
398
397
250
336
421
387
358
275
298
385
418
376
266
320
439
467
504
472
355
309
277
377
436
270
282
370
435
405
268
349
381
422
424
475
388
259
420
417
389
258
326
489
349
263
348
340
301
269
392
502
403
260
270
377
419
272
298
386
447
468
264
335
414
459
441
322
262
383
459
468
268
282
444
483
456
345
251
370
363
255
300
397
410
485
508
422
442
376
261
288
436
274
297
407
356
416
264
278
404
453
400
434
254
287
460
390
251
296
397
467
395
278
248
404
459
403
297
267
382
437
395
359
256
309
405
433
302
272
345
390
408
301
251
434
330
251
383
355
282
289
