477
293
272
346
399
390
449
281
334
431
356
289
370
459
335
329
351
418
451
475
267
301
318
458
339
279
334
381
362
304
253
361
430
378
351
275
289
271
260
286
307
343
267
263
318
277
286
361
359
366
276
267
328
376
324
374
341
334
257
307
370
424
383
265
349
384
406
375
333
337
349
309
348
303
279
254
336
381
301
298
303
272
305
290
299
281
334
322
296
272
298
316
369
249
278
400
408
294
304
367
381
316
299
354
415
422
334
315
374
494
536
312
221
244
244
225
242
281
304
291
295
324
273
289
280
315
271
263
272
325
268
280
289
289
215
221
228
348
330
286
285
283
323
327
341
259
288
270
308
306
272
295
226
214
229
271
277
280
310
258
270
313
322
281
311
291
324
265
285
266
270
316
296
290
292
277
320
333
332
299
344
296
337
258
287
283
320
284
254
284
296
267
281
228
230
222
271
293
265
280
278
254
266
308
381
382
321
325
387
335
386
410
302
326
251
244
263
321
272
285
259
291
294
280
292
288
289
306
316
323
342
302
307
300
280
315
316
300
341
290
285
265
281
318
286
272
296
300
302
297
290
279
268
303
280
254
256
292
274
325
328
313
298
319
292
299
280
311
290
260
296
291
270
347
285
294
306
286
286
284
351
318
316
295
291
291
304
301
343
280
298
281
317
307
301
320
277
286
309
287
331
359
342
383
338
397
302
293
306
383
438
466
456
426
392
352
270
266
365
344
395
346
265
266
317
257
262
375
289
272
298
318
324
320
266
307
279
296
328
365
391
275
258
328
323
325
278
270
415
350
308
275
313
356
274
264
460
419
360
250
268
333
348
309
259
289
309
369
379
261
283
341
436
397
308
272
356
397
408
379
269
271
379
384
439
289
261
316
275
321
289
298
332
263
282
278
291
388
386
