791
734
350
492
605
330
666
479
431
672
485
391
484
387
614
766
361
509
586
391
479
640
343
408
725
518
527
358
536
509
482
493
515
535
442
349
484
561
378
395
590
263
550
552
281
526
518
269
635
544
571
374
457
527
583
448
327
543
453
394
525
275
547
611
406
587
619
517
292
493
526
349
498
603
581
605
646
444
330
549
325
528
390
482
363
546
454
469
398
389
526
455
448
375
530
725
640
382
555
389
621
511
438
803
741
863
656
618
640
546
622
869
841
594
604
516
497
488
585
788
574
633
831
510
598
591
624
692
612
671
518
592
637
680
602
575
653
729
591
445
863
950
1291
1197
893
654
537
582
562
654
520
630
896
794
667
615
594
672
643
602
712
431
810
743
586
598
777
494
616
721
623
637
779
748
602
718
558
704
696
632
789
761
460
716
604
725
766
546
667
1098
1003
1066
307
436
368
421
517
493
442
394
524
452
335
451
524
641
531
301
571
534
469
309
577
430
364
529
639
617
295
497
488
372
520
570
420
419
599
322
538
692
279
631
550
427
387
525
263
520
693
576
270
507
707
629
577
486
360
551
573
330
522
544
295
523
421
484
423
489
471
393
645
376
543
516
568
374
439
622
587
401
364
551
517
266
531
532
480
359
575
533
295
589
511
525
402
406
520
436
351
575
