892
420
441
510
623
499
389
532
745
612
531
436
414
462
528
263
554
650
446
483
532
461
382
545
653
543
521
288
590
563
495
361
647
704
504
362
519
609
315
538
592
444
451
537
488
290
569
396
476
458
478
481
550
549
351
461
533
594
439
461
479
527
568
250
488
637
462
350
726
552
385
526
447
417
517
483
344
523
603
325
412
581
500
282
494
587
452
395
457
540
473
415
575
526
427
347
565
546
438
468
526
591
517
452
566
422
455
557
749
383
235
247
329
347
299
289
296
222
254
367
311
267
257
273
339
299
246
283
283
301
310
376
262
246
306
348
336
318
238
249
292
255
295
298
274
266
263
289
263
286
295
337
331
288
283
322
323
243
258
280
282
258
254
224
240
287
285
245
310
303
303
307
275
262
286
313
333
262
217
266
269
299
348
228
263
273
305
294
237
316
271
274
282
268
270
262
270
316
311
268
290
281
341
361
298
299
372
385
427
398
411
454
401
383
496
307
449
495
244
234
245
259
284
278
278
307
296
292
262
262
314
271
262
227
321
338
359
348
330
228
246
303
293
257
288
349
401
348
275
217
233
263
332
296
243
340
383
330
275
259
287
332
260
266
321
310
269
296
296
339
298
345
324
298
277
265
336
361
325
266
288
278
252
343
318
269
284
328
296
283
256
283
281
295
311
278
276
264
274
334
272
257
271
233
215
299
415
372
301
341
391
361
280
354
387
456
400
279
579
569
299
523
338
444
602
679
500
376
529
677
267
501
492
499
367
558
259
514
322
478
497
426
318
585
534
408
328
513
496
289
528
528
303
555
633
325
516
525
372
464
398
406
511
405
479
453
504
388
568
542
318
391
354
469
539
501
392
443
414
402
528
405
459
469
519
311
471
537
426
330
502
462
323
501
498
411
466
345
342
491
581
360
490
511
421
480
466
550
410
471
418
530
272
583
707
599
297
443
588
526
412
519
563
543
300
550
306
394
382
337
485
569
522
279
463
486
356
478
534
499
289
503
547
286
495
441
312
559
487
301
516
487
294
548
428
364
547
441
513
535
389
563
454
272
510
333
519
540
659
259
470
592
424
423
575
368
375
564
484
300
565
500
313
548
287
473
665
504
258
520
296
524
542
418
324
456
266
511
539
460
352
564
465
518
338
468
528
585
444
