740
537
591
648
418
420
373
516
645
486
357
495
514
599
539
444
344
525
537
467
345
591
418
393
534
314
591
614
369
470
400
519
503
447
430
495
447
421
609
480
309
503
583
364
430
524
357
420
568
397
418
579
370
475
559
523
397
374
540
369
425
537
346
464
512
342
504
475
493
425
616
346
497
621
686
434
506
405
458
545
433
473
420
244
267
274
266
267
214
222
215
260
269
228
216
237
236
246
259
266
222
222
218
250
294
304
239
237
221
220
230
269
267
284
224
214
229
237
235
223
222
223
217
221
247
225
234
235
245
223
223
222
246
247
225
219
221
220
255
248
227
231
232
226
214
217
230
220
235
240
214
214
228
243
258
269
227
230
216
220
219
239
242
219
218
230
228
214
223
231
279
301
226
219
227
239
222
222
227
260
274
239
230
216
222
232
246
226
240
222
274
330
248
270
299
322
251
267
262
272
278
299
313
349
288
264
251
341
336
315
316
322
284
260
258
257
314
344
344
235
234
253
282
234
228
225
232
223
233
237
229
218
286
266
239
224
220
231
229
226
234
233
220
279
259
248
221
228
231
231
228
222
231
224
214
291
223
215
238
242
251
237
226
234
281
261
241
221
238
238
251
248
278
246
271
285
270
230
216
216
224
219
221
224
217
271
240
215
214
228
260
235
243
254
228
221
223
245
224
228
236
233
231
227
225
225
216
217
270
254
246
246
224
217
226
235
269
238
226
230
213
224
278
241
214
222
234
283
347
305
316
257
248
278
281
310
239
286
312
255
244
255
287
297
302
250
308
316
245
242
248
286
493
347
636
387
391
641
481
347
528
611
315
519
505
443
402
502
513
390
576
610
402
382
551
518
441
358
589
578
591
457
443
567
490
279
566
633
279
491
462
387
531
593
298
493
459
331
437
573
249
545
533
497
263
489
417
391
472
622
343
518
592
591
440
410
518
424
383
694
621
544
400
375
520
466
418
518
547
323
516
575
519
324
514
474
399
510
526
418
484
571
514
301
580
648
355
540
562
304
479
599
639
337
464
