747
339
432
526
304
647
631
391
542
610
746
482
544
635
444
666
635
527
595
320
456
578
438
323
466
353
481
477
289
498
329
438
622
391
482
535
291
576
470
360
591
539
393
422
543
543
383
458
459
322
511
513
316
517
506
347
463
578
516
270
540
421
319
490
514
385
366
532
344
467
502
406
346
446
455
542
548
470
292
495
285
531
491
416
355
539
451
373
546
305
492
616
339
473
307
514
623
367
535
880
660
530
560
609
588
514
551
694
789
571
383
505
516
651
436
643
614
671
668
668
706
585
614
622
651
680
687
596
646
590
526
645
636
523
542
622
527
502
658
650
608
373
505
421
460
803
642
1197
918
1167
717
419
454
642
405
471
474
578
607
557
493
686
825
775
537
638
547
671
469
639
432
779
675
561
690
683
589
537
649
474
620
549
560
565
593
643
434
621
410
517
494
798
684
633
561
713
664
472
714
509
496
924
1063
1060
1545
453
452
506
419
578
534
406
468
558
499
383
580
664
404
370
592
552
385
494
516
537
300
513
469
317
553
814
349
529
532
505
309
613
519
503
358
461
572
584
353
432
523
460
492
407
535
495
362
427
593
457
418
505
467
345
558
501
497
370
539
649
652
445
487
524
474
463
490
503
362
517
552
507
