273
487
490
490
557
521
612
609
605
462
500
487
476
423
446
468
473
470
489
455
430
409
410
406
418
421
403
411
413
402
402
399
409
429
402
392
401
406
390
426
420
390
412
402
394
392
400
394
394
399
395
402
391
391
391
401
401
391
402
398
402
399
394
390
392
402
405
393
403
404
391
442
713
631
650
674
608
329
384
415
398
401
408
399
429
390
400
398
395
406
408
425
400
406
395
415
414
407
404
418
401
405
432
395
393
406
427
400
401
417
400
442
400
415
398
405
394
407
408
416
410
407
389
401
396
401
398
443
408
408
397
425
399
394
398
397
408
421
396
413
638
628
632
615
481
291
309
303
307
302
318
299
302
326
314
319
308
310
296
324
297
315
318
312
314
305
313
312
302
300
293
308
298
299
301
303
313
287
299
315
299
291
296
312
301
305
301
295
300
308
314
313
311
321
311
301
307
298
315
292
305
297
309
301
302
311
298
294
303
299
297
348
301
296
325
296
310
297
312
305
308
292
303
306
299
306
306
310
370
499
532
539
522
405
430
449
478
458
462
542
298
296
297
300
297
289
299
294
289
294
296
289
294
289
290
295
295
286
309
287
288
288
294
299
330
291
292
289
298
288
294
303
289
296
302
293
292
290
301
288
295
293
297
292
286
295
296
310
304
292
302
288
292
288
290
287
294
286
289
346
289
308
295
287
293
288
302
289
301
291
294
287
287
288
295
294
297
295
297
293
293
288
295
298
292
297
309
307
313
290
305
288
299
299
300
315
305
