293
287
299
300
454
586
586
572
550
585
537
461
512
529
533
533
505
484
481
446
435
407
467
433
422
406
429
406
415
409
410
401
394
391
433
412
413
417
431
468
414
402
425
406
404
402
424
422
454
491
463
468
475
523
546
519
479
492
496
516
541
520
562
579
541
536
570
626
695
712
620
395
321
332
329
323
320
318
318
327
321
319
316
319
331
315
333
394
325
319
319
326
319
316
316
331
319
322
317
325
316
319
318
411
326
326
317
330
317
338
320
330
319
337
336
345
326
328
316
410
316
335
328
329
319
318
319
331
316
329
317
319
316
328
316
365
327
339
316
329
318
326
320
336
337
319
316
335
335
373
332
588
341
341
296
228
214
221
216
222
221
228
216
231
218
220
219
228
232
230
216
217
224
227
229
226
231
310
222
224
217
224
214
223
214
225
222
228
216
228
217
216
217
223
222
222
215
218
214
225
312
228
217
220
215
228
214
220
214
223
214
217
216
221
215
221
220
215
216
221
216
227
228
305
217
213
215
214
217
214
217
214
222
215
222
216
221
215
216
215
218
222
218
222
218
214
315
214
223
215
216
223
228
220
216
214
235
224
221
220
218
215
222
214
218
228
248
237
236
515
243
221
384
383
373
343
372
287
290
286
293
289
290
288
294
295
309
301
304
307
321
300
306
325
290
287
297
289
312
305
303
289
306
290
313
303
301
293
291
302
296
289
299
299
294
287
303
300
290
295
296
305
290
289
296
289
292
288
296
297
302
297
290
295
290
295
298
291
316
288
302
288
297
287
295
289
289
303
295
288
301
312
287
298
295
320
299
310
302
297
289
302
289
302
288
302
290
291
292
295
290
300
289
301
309
312
297
292
289
313
311
310
304
305
302
309
