302
275
289
294
289
287
283
298
287
299
271
243
245
245
263
247
249
249
251
249
251
258
248
249
254
254
256
249
252
253
249
255
250
250
261
257
258
253
250
250
248
250
252
266
247
251
247
253
247
257
254
265
259
278
248
256
248
250
249
258
254
259
245
249
244
256
249
256
248
248
251
278
249
262
250
249
256
263
271
256
247
264
249
255
248
259
245
245
244
256
255
255
245
248
264
255
247
257
251
253
247
255
252
270
258
261
269
283
278
279
271
276
304
300
303
302
297
287
284
256
216
222
241
265
259
266
217
216
222
214
223
221
241
256
215
272
267
258
269
260
277
268
277
273
266
256
272
277
271
273
263
259
223
273
264
277
272
253
261
272
259
257
274
274
261
269
276
269
230
256
254
260
282
264
263
267
272
268
277
269
269
257
259
266
268
215
267
265
262
257
260
268
263
255
221
265
256
266
268
258
264
270
258
265
269
256
218
259
274
261
255
260
273
270
262
266
265
266
241
279
304
295
312
303
314
293
267
251
262
262
256
264
221
262
270
259
268
263
271
274
270
276
278
259
271
265
267
259
269
267
267
267
281
267
275
268
217
256
256
263
238
261
260
251
279
269
266
262
258
251
274
268
278
264
266
262
262
259
271
273
262
279
276
274
267
265
265
259
267
274
216
259
274
273
258
262
263
264
276
279
260
266
263
269
267
269
279
258
264
260
265
263
267
228
262
276
277
283
260
276
277
280
297
303
279
305
330
295
270
281
271
266
251
254
258
273
253
255
263
259
246
256
249
257
268
265
255
264
256
256
290
297
287
291
286
269
260
276
260
268
260
261
278
249
269
259
250
257
250
249
245
251
264
264
246
256
250
255
253
257
250
267
249
251
256
249
258
258
255
251
250
256
252
258
250
247
248
255
249
254
247
252
244
244
246
252
243
253
248
251
253
254
248
249
249
248
250
249
263
250
253
243
246
248
249
249
255
265
252
243
247
244
257
249
257
254
250
249
579
246
247
247
255
244
250
245
251
244
255
245
253
244
255
253
253
246
249
249
257
254
273
255
247
248
285
251
256
254
246
256
252
252
252
245
245
253
253
243
249
250
252
250
261
251
257
258
261
251
250
247
260
254
257
288
270
260
258
260
283
266
275
258
278
252
257
251
261
255
247
259
247
250
245
248
257
265
249
250
255
258
250
244
250
250
251
244
243
245
253
244
250
248
244
254
252
248
250
251
257
257
263
245
252
249
254
261
247
244
245
245
265
245
247
246
248
246
247
249
257
256
251
245
248
244
246
244
244
244
256
254
254
251
256
247
250
254
248
251
249
257
255
254
257
253
260
256
252
269
251
249
257
256
253
251
247
249
247
251
254
257
251
247
260
246
251
248
248
250
250
250
257
252
256
247
254
258
263
251
252
271
252
254
260
251
256
256
249
250
255
251
258
250
249
259
256
249
255
248
260
249
257
269
268
260
248
246
252
246
252
250
258
248
254
250
248
247
264
257
257
260
258
259
257
250
259
255
249
253
248
245
261
244
253
257
253
251
258
255
249
257
250
259
252
256
253
258
256
256
258
261
