284
270
287
278
271
269
259
263
287
314
309
302
301
284
278
268
269
267
282
275
285
264
261
282
274
267
275
267
259
257
263
273
259
266
257
264
258
268
255
255
269
254
248
259
256
266
259
262
248
255
268
264
274
272
265
266
265
272
296
264
256
256
259
266
269
280
285
274
299
281
276
271
274
267
266
278
259
261
265
270
263
265
262
266
282
284
266
289
269
278
272
262
272
276
253
253
255
255
254
264
256
260
254
259
261
266
264
260
262
272
306
322
296
304
298
259
252
222
225
228
225
217
236
221
216
223
221
228
228
221
216
216
214
227
214
223
223
214
222
237
226
226
215
234
222
214
221
223
215
216
227
224
214
229
231
227
220
224
217
218
228
229
241
216
228
215
217
218
216
217
222
222
220
229
214
216
221
222
222
215
221
215
215
225
221
270
232
218
225
226
217
216
217
224
214
227
222
236
218
218
226
222
230
214
228
215
216
227
261
230
221
216
228
235
228
227
217
214
229
227
214
228
216
216
217
221
217
221
223
242
242
288
240
244
242
238
242
219
266
221
229
239
232
227
222
221
222
216
221
214
230
222
219
216
226
221
222
228
229
237
224
272
214
233
233
214
221
221
216
221
216
215
220
223
221
221
222
214
222
227
224
217
216
220
276
215
230
215
222
221
221
214
217
221
223
222
224
222
217
217
216
214
216
228
229
229
224
266
228
221
214
227
229
217
222
220
215
217
214
221
218
221
215
223
223
223
234
216
219
231
264
221
219
222
229
227
216
215
224
221
222
217
218
215
222
222
222
220
229
228
215
240
250
289
252
247
255
294
284
284
275
284
291
277
268
265
262
272
273
273
274
261
273
281
280
277
289
274
278
288
262
262
277
271
270
272
262
268
258
257
261
256
276
257
284
290
264
260
256
253
261
262
266
254
263
258
264
254
260
251
251
259
266
251
265
254
253
251
249
249
256
255
254
251
256
247
250
258
263
269
269
251
255
248
250
256
264
249
254
246
247
245
254
254
253
253
258
269
249
265
262
251
260
265
261
256
253
257
284
294
285
269
282
276
279
274
274
268
270
263
297
291
266
265
285
260
262
265
264
264
259
268
262
288
280
270
264
263
257
263
