244
301
294
305
528
581
573
498
567
473
521
446
455
450
455
409
409
428
407
426
407
403
415
537
415
421
404
413
426
403
426
406
411
418
409
406
411
412
415
423
413
435
403
412
390
390
391
405
390
392
663
4358
4103
7338
2447
2349
2633
2424
2777
2189
2846
2522
2639
2487
4521
1605
1913
1895
1877
1907
1911
1874
1890
1907
1973
1909
1916
1886
3806
5292
4450
4180
3845
3911
3779
3795
3838
3798
3836
6517
4808
4059
3934
4393
3850
4189
5123
5400
2592
2326
2653
2364
2675
2279
2603
2544
2445
2531
4891
1949
1926
1895
1931
1898
1892
1876
1892
1875
1910
2466
1995
2311
4280
5531
7405
9351
9002
8499
7750
8249
