261
251
258
260
256
266
266
296
293
297
295
302
291
290
259
254
249
255
261
257
271
259
262
258
262
259
292
267
285
303
275
271
264
274
266
255
267
250
258
255
257
251
251
258
243
263
246
261
256
251
253
249
259
272
266
258
273
250
255
260
265
267
258
260
289
259
267
274
272
262
265
264
295
275
268
266
255
270
268
287
277
265
260
262
256
250
257
267
259
255
249
259
269
255
275
258
259
259
261
256
260
260
259
265
264
270
267
257
264
265
259
260
265
287
293
279
287
290
289
287
267
277
262
259
270
286
270
279
261
258
271
264
266
264
273
270
278
262
273
283
260
270
308
278
267
260
260
262
277
260
272
280
262
275
253
252
265
277
273
263
268
267
280
266
278
263
270
263
273
274
277
265
268
265
287
266
271
277
261
263
262
275
267
279
260
257
284
276
261
258
267
276
276
258
269
269
256
272
270
283
276
271
271
279
265
272
285
263
263
275
256
261
263
268
275
290
303
304
290
311
292
285
279
277
271
273
273
275
267
272
273
265
263
268
268
261
260
274
270
257
257
267
284
277
256
275
261
266
269
268
276
270
262
271
271
272
268
259
265
277
257
268
271
274
273
264
258
255
259
262
263
264
266
276
270
264
264
274
279
273
275
253
261
251
279
272
257
266
258
269
265
265
264
264
266
262
273
271
265
281
272
264
261
268
255
273
269
268
264
260
276
265
276
270
269
283
264
255
283
283
320
279
304
308
290
254
275
251
269
260
286
298
290
272
264
263
283
267
286
293
270
272
283
273
270
260
259
257
268
254
284
264
272
259
269
259
262
253
258
256
259
271
297
261
258
267
275
270
269
261
259
266
253
261
261
256
251
252
254
254
260
259
261
254
255
253
254
261
255
249
265
254
255
261
262
261
254
257
255
258
254
247
257
258
257
258
251
259
252
248
264
247
257
255
260
245
255
255
256
245
254
245
264
246
254
244
255
261
245
251
252
253
280
251
246
251
261
251
254
256
247
247
254
262
248
255
260
249
258
261
