274
256
264
288
305
281
289
279
297
295
258
243
250
257
255
256
260
251
244
245
251
252
243
254
244
254
256
254
246
256
246
260
245
255
255
249
252
254
255
252
255
265
250
252
253
247
258
248
255
250
247
250
252
257
256
258
247
264
253
248
251
257
251
256
262
252
244
256
258
266
260
251
264
257
250
257
259
259
269
256
266
255
286
256
251
256
262
269
281
264
256
256
271
272
270
259
293
280
289
266
258
271
264
264
268
288
271
301
263
261
264
289
271
290
288
302
331
313
280
261
304
253
258
223
261
254
263
216
257
221
272
214
215
236
216
254
216
255
256
215
260
214
263
214
221
254
215
254
262
221
222
221
265
258
221
216
216
250
226
263
236
268
265
220
253
250
216
294
224
310
277
266
265
217
215
222
214
257
215
215
290
222
215
278
265
261
310
265
222
291
229
271
262
262
227
264
260
222
268
316
222
264
214
217
260
256
222
237
240
264
265
269
217
264
215
307
259
257
259
257
259
224
257
254
260
225
247
371
293
245
308
306
293
286
257
262
263
258
266
258
261
261
255
257
256
255
255
222
255
218
215
221
214
228
215
264
222
254
221
216
268
216
215
216
251
253
254
249
260
259
264
258
256
255
217
215
271
216
233
268
227
253
226
221
222
256
228
221
214
262
223
234
272
215
251
258
264
260
269
272
219
222
260
261
251
214
260
214
253
253
222
261
252
255
258
220
251
257
224
255
225
214
261
229
264
256
222
263
268
229
269
264
268
214
217
269
259
255
216
223
268
297
324
357
331
238
235
234
299
250
255
248
262
260
262
259
256
254
252
252
244
250
252
245
252
246
248
248
261
253
251
256
255
251
250
251
248
259
248
251
252
245
255
255
257
253
253
246
264
241
255
244
246
244
259
246
261
255
253
256
251
258
250
260
253
252
267
258
256
251
255
250
253
248
252
257
253
251
258
259
251
253
256
252
253
250
260
267
256
261
246
251
245
247
252
253
248
260
259
256
250
254
247
257
249
249
269
249
254
261
266
257
251
268
270
258
249
253
257
259
249
251
264
261
261
260
251
262
255
253
254
