316
261
262
253
249
263
256
323
289
320
331
340
337
365
347
309
309
282
260
268
273
263
258
253
259
259
265
269
258
270
262
251
256
257
248
255
286
254
256
285
337
325
310
257
246
249
258
257
267
259
270
264
255
250
258
252
259
283
286
293
288
337
341
303
270
245
260
242
250
249
253
244
256
256
261
282
261
251
251
259
261
257
267
258
286
302
267
294
278
269
262
258
264
282
266
260
247
258
262
256
298
325
334
286
287
286
289
286
270
270
276
298
265
289
274
256
259
262
295
258
257
286
294
317
266
277
312
316
345
305
309
298
272
292
257
229
266
309
253
254
222
219
244
222
214
216
265
298
266
236
214
253
254
240
233
217
225
254
255
231
214
271
276
272
223
227
262
290
273
275
221
321
227
218
225
223
225
283
231
269
239
233
225
276
264
276
250
226
260
220
257
262
261
225
239
223
279
308
227
221
218
230
234
220
302
228
217
215
261
214
214
287
214
233
260
222
326
236
256
232
226
235
239
380
244
320
221
268
263
222
246
227
216
215
292
266
228
234
234
216
215
223
254
220
226
260
214
238
275
229
250
285
246
378
240
234
341
412
420
285
227
260
280
316
286
283
217
290
216
269
221
216
285
218
336
216
226
225
221
216
221
217
235
224
214
299
238
264
214
221
279
274
287
279
266
232
274
223
258
236
268
225
229
249
284
318
218
265
233
266
230
225
252
270
272
299
216
265
216
230
264
225
214
225
264
251
221
224
273
223
228
221
283
222
224
234
248
272
280
268
270
317
243
286
217
253
214
215
218
215
336
295
229
220
264
240
232
267
325
241
314
218
269
233
222
219
327
217
267
214
218
232
234
230
241
369
251
313
339
304
230
284
370
277
258
248
247
264
253
253
252
254
251
257
250
258
291
307
265
276
289
293
270
257
255
255
254
251
266
254
263
261
263
254
272
303
270
278
261
252
252
258
250
259
266
257
275
275
266
280
274
280
263
262
265
268
259
263
267
256
267
268
269
258
280
272
283
277
287
296
265
252
271
311
279
290
257
249
251
252
249
273
296
305
260
260
287
260
262
264
271
260
264
266
295
266
272
274
269
289
281
263
254
254
256
259
262
265
262
268
261
251
243
258
252
244
263
265
262
268
275
295
268
283
291
274
276
262
316
274
278
279
271
266
279
260
251
266
249
247
263
270
275
283
299
271
260
253
253
245
253
250
266
258
278
288
261
247
248
257
257
275
275
267
282
277
276
