372
304
272
256
251
264
260
262
258
321
302
308
307
287
299
285
260
285
287
294
266
281
281
291
298
286
289
292
289
270
296
277
293
278
302
337
324
271
328
279
284
290
276
253
262
265
253
257
276
269
266
264
287
273
265
252
272
270
263
261
270
272
259
252
258
264
255
253
259
278
263
261
272
279
279
267
273
268
271
309
272
275
275
268
261
262
260
276
290
282
264
311
295
273
266
262
287
259
264
263
269
279
266
266
269
285
277
278
263
244
251
253
263
295
283
326
300
304
310
307
318
293
249
225
235
248
227
216
223
232
222
217
229
228
222
214
215
216
214
229
218
231
222
232
221
226
221
222
223
229
223
222
220
235
230
245
237
227
221
215
231
222
214
233
224
216
235
277
233
229
241
223
223
229
228
219
222
216
221
220
223
220
222
218
216
216
215
215
222
223
216
248
238
230
230
229
230
227
220
244
236
230
229
223
216
215
229
224
222
228
218
228
258
217
222
216
222
216
229
221
216
217
222
223
215
214
220
236
228
221
216
223
223
214
233
307
258
265
241
256
236
235
234
236
237
244
220
221
215
217
224
227
220
220
215
216
230
215
215
221
215
214
223
216
221
220
227
214
220
221
222
227
225
221
235
248
244
222
220
228
216
215
221
229
222
230
216
226
215
215
222
221
220
228
221
216
221
220
223
214
225
224
224
232
224
221
230
224
222
226
216
221
214
220
284
230
216
225
228
234
215
216
221
228
216
221
214
215
213
214
232
217
222
223
224
234
240
231
231
233
238
227
228
226
231
224
216
230
221
221
222
213
220
220
224
221
221
222
215
285
246
246
240
243
234
248
238
243
227
234
258
256
264
268
265
258
268
284
292
307
353
293
246
256
258
256
251
256
264
291
309
317
283
272
268
261
261
255
270
261
251
258
259
258
281
276
333
272
277
306
282
320
381
302
294
336
308
266
261
254
256
247
245
280
297
279
287
279
269
308
271
258
269
288
264
263
288
296
280
264
268
287
273
269
275
281
273
274
255
255
265
251
260
263
271
267
284
277
274
263
270
252
270
284
265
267
271
281
254
252
250
250
249
264
286
