333
311
265
249
263
259
270
300
312
319
281
337
292
388
352
334
291
266
267
250
287
262
266
298
297
287
256
249
260
256
260
267
249
257
249
255
270
276
264
261
260
267
264
280
271
316
289
294
303
347
285
257
264
254
303
321
272
295
293
303
305
340
297
266
259
276
267
263
257
273
261
273
305
335
305
291
315
276
272
264
295
289
281
273
282
262
268
303
273
271
267
251
262
258
255
267
287
256
257
266
252
256
279
258
260
267
257
260
259
269
272
296
252
253
257
249
258
272
270
287
279
329
323
296
283
316
298
322
321
311
312
286
266
271
304
276
270
256
264
267
260
273
264
253
288
299
322
275
267
283
270
262
284
274
268
267
273
266
294
273
280
266
268
279
256
263
342
243
269
280
272
278
314
266
263
263
322
266
274
317
217
304
260
271
312
264
257
293
223
289
276
282
265
221
223
283
275
226
223
314
315
238
267
273
271
323
271
305
278
251
222
387
263
264
265
313
266
272
270
260
235
231
236
293
322
261
261
264
329
313
228
342
284
242
343
418
276
360
237
364
321
377
328
391
266
266
258
250
264
215
293
264
222
259
313
214
265
222
345
273
269
273
278
258
265
295
257
280
220
328
231
220
268
250
256
272
320
272
314
224
255
263
227
360
274
291
237
229
305
256
316
254
252
272
266
216
283
275
240
381
263
220
304
262
314
256
293
284
262
264
223
293
321
275
267
222
294
318
273
265
237
274
275
259
272
263
272
302
322
269
310
223
290
262
274
279
265
214
302
263
271
338
269
221
321
275
267
218
349
389
346
288
386
264
507
428
314
256
278
261
277
264
264
257
268
281
277
277
263
265
261
254
251
261
260
265
290
317
273
287
269
288
286
275
302
271
275
285
259
300
269
278
262
295
266
273
271
261
273
270
266
295
253
254
257
260
252
251
271
270
272
306
303
274
262
268
275
263
268
254
284
289
282
283
265
275
289
293
267
262
266
250
268
265
267
269
265
271
262
266
259
270
278
279
285
268
291
278
277
255
267
252
246
245
258
261
273
260
260
269
267
274
267
269
248
257
284
276
267
251
256
248
260
264
261
262
271
261
272
262
264
265
257
268
261
281
260
256
252
263
255
248
264
263
261
262
260
263
290
277
273
267
275
250
249
248
249
264
277
261
266
252
272
278
282
252
245
251
258
278
263
275
259
263
266
297
270
272
283
325
327
282
278
272
278
282
273
