332
845
612
336
768
905
878
887
1006
975
928
737
754
688
881
820
850
719
846
812
927
700
577
638
615
467
558
634
705
725
498
517
748
618
406
687
822
894
773
564
600
598
675
431
739
808
613
520
760
655
494
651
491
692
428
579
635
576
423
776
739
685
426
741
876
954
846
783
878
932
892
954
833
811
886
931
789
1081
690
797
329
319
328
405
403
402
389
410
422
393
416
415
427
418
407
449
403
431
418
401
417
406
403
407
421
395
412
395
397
420
410
409
411
410
403
414
409
400
410
417
410
400
396
402
408
406
413
424
412
408
395
420
434
410
424
413
428
412
412
403
420
401
527
652
648
641
640
552
315
331
306
308
302
296
305
306
302
299
302
308
312
316
317
321
309
322
326
309
319
330
307
320
310
313
303
320
316
293
306
299
334
338
322
307
300
313
302
313
313
297
310
293
297
313
308
299
297
301
299
329
305
306
302
313
297
303
312
315
303
305
321
299
319
364
300
304
310
320
340
315
323
311
307
322
317
318
308
305
325
305
563
553
569
544
439
835
730
580
404
686
637
580
591
537
587
611
435
598
869
837
751
722
381
569
754
830
736
743
674
783
544
564
653
586
497
548
728
674
590
683
550
630
630
620
521
610
651
626
592
500
680
698
958
712
621
441
600
753
549
599
698
675
682
541
