377
349
294
274
308
312
296
325
309
300
294
278
280
299
274
260
269
285
289
296
275
275
271
284
278
278
268
262
273
267
268
270
286
300
275
264
258
284
251
252
269
252
265
253
260
257
250
256
264
248
254
267
269
280
321
307
274
267
290
291
296
305
274
265
254
257
275
295
359
306
254
259
265
254
255
259
262
288
273
308
283
276
292
253
263
269
262
255
253
248
254
250
261
260
251
248
263
274
275
295
280
316
272
255
259
263
256
257
267
276
320
355
347
277
304
315
275
302
311
299
267
228
246
290
254
261
262
265
261
266
226
222
220
214
262
287
261
300
254
266
261
290
267
299
271
298
257
270
287
267
266
251
263
252
267
293
276
265
291
271
286
252
255
257
253
253
276
268
275
278
267
257
288
264
296
281
272
264
284
257
298
284
278
300
293
269
296
279
266
271
289
272
270
262
293
297
277
284
285
272
286
267
290
289
273
288
270
295
301
279
284
288
283
272
289
334
306
353
346
341
320
331
328
334
277
269
305
292
282
258
259
262
255
287
290
280
255
271
255
284
278
271
297
293
251
278
269
272
267
258
266
282
255
252
266
270
270
295
301
289
272
265
297
260
318
257
292
296
293
253
264
277
254
283
308
286
263
299
296
282
271
278
260
301
251
290
296
270
282
303
262
303
292
276
294
286
265
271
281
273
280
264
282
308
298
283
284
284
259
285
271
273
313
295
261
309
264
339
335
333
367
271
337
279
257
258
283
333
271
269
252
259
249
255
265
253
252
252
260
262
276
271
264
269
277
277
282
274
284
257
249
260
254
255
262
273
304
283
331
247
258
259
261
254
264
284
307
273
279
298
269
270
256
254
249
275
301
297
269
285
284
273
259
278
265
279
269
303
297
285
259
271
285
274
266
257
264
276
258
255
266
278
266
259
284
271
286
296
268
249
255
252
264
268
257
277
273
282
249
254
251
271
249
262
266
253
271
251
263
260
265
257
260
331
287
261
247
252
