764
396
681
800
947
965
829
989
975
975
878
817
757
870
913
868
882
1011
864
821
863
772
464
604
844
740
407
774
804
775
758
396
742
768
912
861
840
787
389
694
871
663
692
479
697
750
676
608
730
806
560
656
845
759
612
798
1043
1004
993
1029
952
727
814
975
1041
1075
1080
899
771
797
319
319
335
330
330
328
327
319
319
319
329
328
317
318
319
319
328
366
320
330
328
329
328
329
322
318
331
320
334
328
327
399
318
328
318
337
333
333
316
326
321
325
328
319
320
320
325
326
316
319
319
316
326
326
320
317
319
318
325
318
329
328
317
317
336
351
331
317
317
319
317
328
320
329
323
328
326
336
342
414
356
374
366
344
331
264
226
242
223
222
238
231
222
222
216
216
216
221
224
226
216
216
230
230
239
230
222
217
217
221
234
220
228
230
226
237
228
232
223
216
216
222
222
223
233
227
216
220
217
215
222
221
216
222
215
226
222
217
225
222
215
216
218
222
229
216
222
215
216
224
216
224
221
217
217
215
222
224
222
216
216
221
218
230
222
225
224
222
221
224
222
218
228
228
234
223
217
223
223
224
229
222
226
215
216
228
230
222
214
223
224
215
228
224
216
218
224
247
243
593
264
263
271
242
826
776
766
385
584
809
782
697
374
554
688
440
546
628
655
715
684
341
641
726
539
543
639
738
743
353
623
773
784
824
617
466
716
753
552
472
743
684
582
452
703
631
643
509
611
643
469
