528
419
309
265
311
442
383
305
369
379
361
288
312
331
315
292
288
494
430
302
261
373
430
299
244
403
436
451
427
391
287
258
277
312
304
247
328
384
440
446
460
385
380
360
256
313
418
362
278
298
460
462
420
281
255
385
456
272
282
427
274
311
416
466
472
323
251
415
460
422
335
260
383
487
330
268
333
399
546
421
400
254
311
377
301
258
409
403
412
433
347
300
381
467
423
283
307
462
328
372
414
321
220
224
237
228
215
216
214
225
216
216
222
222
214
217
219
222
228
222
235
226
235
228
229
222
222
215
232
234
217
221
233
222
223
216
222
220
216
227
226
219
218
219
236
227
221
221
220
216
228
222
215
216
218
216
229
222
222
229
248
232
217
218
217
220
227
224
230
219
247
253
260
236
231
222
219
224
234
222
221
229
229
240
215
214
220
224
220
222
221
251
224
247
236
217
217
215
228
231
228
226
218
229
223
227
227
236
259
218
221
222
228
302
341
315
275
310
244
259
283
259
245
250
245
269
231
242
235
244
236
227
264
240
215
214
223
227
235
213
231
214
236
215
227
228
214
213
228
247
214
225
220
268
231
217
220
225
215
214
229
223
222
221
216
220
214
220
232
221
224
222
225
215
222
218
221
227
234
236
230
227
236
239
235
216
217
221
214
217
239
225
225
217
223
222
238
241
253
256
217
232
223
216
253
226
242
221
222
224
222
216
223
223
225
222
222
229
230
216
264
246
230
234
222
213
229
229
221
217
222
218
220
221
221
227
231
224
220
213
225
235
240
245
242
232
258
273
280
283
258
254
250
226
251
227
264
337
390
450
413
436
394
401
381
295
255
353
409
470
427
418
387
266
366
457
508
475
387
282
291
394
426
396
322
279
416
435
349
304
356
406
422
418
368
256
310
506
413
402
300
260
503
468
376
280
341
357
412
441
329
277
369
381
367
314
335
470
461
420
286
263
278
325
298
320
267
309
335
323
345
352
314
317
273
296
315
276
301
297
369
286
266
392
286
349
382
348
259
423
468
461
493
440
447
291
272
381
386
280
289
435
493
477
525
476
439
479
285
268
424
463
418
380
264
267
431
398
262
303
359
358
289
276
399
272
288
381
325
260
364
415
495
369
250
337
417
331
267
342
380
391
258
295
435
389
283
269
391
423
515
390
281
369
410
289
260
408
389
255
335
450
436
374
274
309
478
448
330
294
308
394
427
410
303
262
497
419
406
249
329
410
487
458
318
273
400
453
493
443
406
258
300
461
417
443
418
270
260
437
521
376
359
288
344
389
532
436
381
389
296
270
402
412
336
255
336
447
353
251
344
364
253
300
418
302
265
351
402
391
255
330
385
410
277
271
368
414
463
430
414
425
280
306
359
408
402
348
289
377
473
469
354
279
297
