431
253
273
383
328
257
295
466
387
298
348
451
480
489
328
324
316
460
490
467
288
273
362
456
420
412
314
255
319
437
404
323
265
288
357
346
293
273
256
272
274
332
300
255
277
368
409
363
263
296
258
307
301
343
415
310
306
376
319
259
277
403
427
422
254
301
360
395
313
336
292
310
257
308
272
354
313
344
274
273
294
333
295
265
332
287
421
361
394
343
366
485
265
271
339
424
379
273
317
399
319
288
320
419
302
285
341
445
311
315
465
368
273
276
266
277
319
317
297
725
222
221
262
312
274
260
291
329
259
269
306
289
308
215
214
263
324
300
284
278
311
316
286
215
216
225
257
288
315
280
296
315
321
285
292
265
302
267
258
311
320
280
291
298
354
273
270
258
274
311
322
284
286
286
323
302
344
295
327
316
315
268
280
279
262
229
224
223
256
281
269
282
315
276
314
277
278
284
286
265
282
331
349
260
243
260
324
389
325
384
409
306
340
262
222
234
294
267
281
276
268
305
276
299
289
307
307
319
312
336
305
304
320
297
296
309
294
333
298
289
256
291
307
309
274
304
291
292
299
278
269
276
303
265
260
258
287
281
338
330
296
283
349
268
297
289
310
290
272
287
281
272
336
280
296
352
288
280
277
224
225
243
303
306
293
267
283
308
332
293
307
301
303
286
320
313
284
288
313
291
326
333
384
345
342
408
311
497
458
459
365
245
317
416
383
334
294
259
359
350
398
387
301
260
280
396
381
253
275
339
336
272
290
293
276
307
305
342
297
268
360
317
245
273
310
292
278
279
396
337
284
259
284
255
271
406
350
254
288
358
256
271
332
380
267
264
293
336
366
264
255
339
368
437
311
261
378
410
407
417
439
303
268
316
369
445
423
370
296
370
315
293
340
311
284
246
252
353
292
