574
402
270
278
341
361
413
273
323
353
315
306
434
498
519
284
303
359
314
293
265
400
276
306
372
345
286
418
509
482
502
439
376
298
333
399
291
320
548
485
276
305
374
528
430
433
270
290
338
407
472
250
282
325
282
275
318
390
356
422
410
251
313
395
372
252
297
405
413
278
257
325
458
404
283
255
325
430
259
280
372
433
361
292
248
326
451
335
243
274
271
257
370
416
390
269
271
363
382
378
258
284
405
455
411
280
370
336
298
328
372
402
387
373
343
284
362
406
420
338
391
324
373
373
248
463
321
477
370
377
367
306
419
249
278
365
385
303
334
387
279
373
251
420
501
325
309
328
444
334
318
217
330
265
272
423
457
438
427
223
455
335
292
412
517
515
377
468
366
348
395
287
366
470
316
407
304
435
420
347
334
374
380
323
481
294
501
276
393
381
335
337
224
537
572
730
699
668
780
703
272
415
426
377
421
376
331
345
369
407
290
336
353
286
394
333
474
451
437
395
441
337
392
290
421
328
329
352
266
416
576
407
259
425
381
337
369
420
292
289
397
383
382
389
427
386
463
477
479
416
288
263
378
271
426
275
461
470
380
433
491
553
337
471
269
361
230
434
384
285
505
489
544
376
482
303
572
767
725
602
266
293
329
302
307
271
332
255
275
264
380
304
245
285
332
371
350
325
259
288
487
414
281
258
350
429
377
308
288
273
303
249
263
337
386
426
300
252
280
370
270
243
323
381
336
246
298
443
455
391
301
252
376
417
436
434
365
256
256
325
314
333
324
273
282
377
415
440
352
269
259
357
360
345
283
256
269
275
295
272
283
315
292
263
341
339
301
304
272
317
338
311
264
266
319
336
294
245
334
347
390
341
404
472
295
276
306
355
376
277
257
314
313
250
315
383
330
312
253
289
310
301
254
287
302
378
286
299
292
422
395
358
264
245
276
345
303
275
285
287
366
300
264
383
416
351
244
269
354
339
267
283
275
268
280
322
279
302
347
401
353
352
249
270
361
277
277
323
394
254
261
326
389
309
265
315
407
440
350
286
329
332
315
266
247
308
355
322
258
357
296
312
249
351
337
371
257
250
372
375
409
373
253
270
385
409
265
275
345
401
300
293
288
273
350
365
290
245
322
422
267
262
291
295
263
282
355
332
266
324
261
255
380
394
374
345
254
255
364
271
277
385
407
441
358
386
266
247
315
436
363
265
282
263
296
352
320
269
266
324
325
305
278
253
282
274
245
278
308
267
251
273
280
249
275
315
322
281
251
300
391
376
258
250
387
399
310
286
279
328
254
260
302
402
407
415
378
331
265
