517
437
453
432
318
272
354
406
436
403
325
305
327
472
342
371
270
357
417
364
284
292
269
355
296
252
327
383
460
346
258
295
415
432
322
257
429
356
255
263
315
408
418
313
258
271
369
377
315
251
262
337
314
270
292
334
422
378
279
251
316
403
293
263
289
418
369
333
253
284
340
290
312
264
263
370
389
469
383
366
253
288
433
380
373
400
262
260
299
294
265
252
331
307
316
284
288
334
363
255
261
307
449
417
510
466
279
302
396
439
333
286
303
362
469
451
449
441
320
274
562
322
265
232
237
287
277
318
278
283
284
323
333
215
394
227
359
346
347
258
268
222
307
277
333
235
319
287
281
367
269
347
276
337
413
254
408
349
321
390
283
325
279
294
245
371
335
242
263
353
222
381
328
277
356
419
297
278
257
229
329
378
226
300
275
349
295
251
319
245
314
337
217
327
376
332
222
417
219
274
320
338
281
229
310
326
232
308
324
297
263
233
279
262
322
399
295
324
577
518
403
347
538
538
331
474
314
228
338
230
325
260
327
253
343
357
309
221
376
226
317
219
374
237
383
279
269
233
458
285
317
323
249
289
248
261
238
394
366
290
352
330
274
433
302
364
290
258
293
283
344
214
343
273
244
335
268
274
270
259
267
378
262
394
323
287
312
283
329
266
371
288
377
251
266
339
262
325
368
332
288
334
242
295
342
274
283
241
296
364
230
267
382
222
360
436
269
405
405
420
411
342
406
494
489
355
406
391
395
338
304
277
285
321
260
285
321
434
445
369
253
291
399
409
352
245
276
365
297
267
279
457
428
455
444
267
297
409
390
349
248
277
324
272
261
334
337
347
258
255
318
359
253
279
405
321
253
290
352
269
260
293
347
378
291
278
281
378
421
271
281
254
337
375
255
300
282
251
311
354
383
414
375
294
297
327
354
290
272
293
300
275
273
263
306
282
317
335
288
268
253
339
315
254
278
347
401
362
251
349
455
498
428
293
309
259
307
329
325
353
253
286
400
445
485
403
417
274
301
372
354
285
261
261
354
257
279
412
478
482
380
257
279
460
487
442
436
285
252
346
376
337
318
283
245
361
412
298
245
362
391
379
410
259
255
338
340
255
273
392
262
269
332
465
402
436
386
400
324
269
262
374
346
326
268
263
364
395
396
255
252
360
380
357
261
280
340
282
266
271
282
277
264
284
288
281
255
324
333
275
320
365
394
257
254
343
304
276
253
368
398
462
412
378
305
260
344
290
248
359
405
278
243
327
280
254
296
401
445
437
416
299
284
320
335
249
312
371
458
382
255
309
369
312
284
253
370
350
410
358
250
280
418
412
367
396
369
249
340
415
397
359
257
296
311
255
336
398
389
342
268
278
300
