1125
421
453
569
650
356
646
476
429
560
495
365
536
507
564
460
567
441
330
547
584
378
426
555
277
616
524
378
464
481
576
532
422
430
482
516
361
635
508
592
261
524
596
531
355
520
591
386
432
510
337
540
540
346
413
495
456
412
601
635
605
310
551
480
418
397
515
555
328
587
564
405
668
343
515
539
539
469
495
448
360
277
244
235
214
216
241
280
312
235
231
214
217
239
281
260
233
226
225
239
277
311
299
235
247
221
227
222
261
289
303
235
226
220
219
235
222
226
217
214
234
219
250
237
219
283
240
261
240
222
222
221
240
221
226
231
228
237
221
225
229
223
228
221
240
257
245
245
222
261
242
222
226
228
250
215
251
216
249
217
218
214
229
234
238
253
268
214
221
264
276
246
258
235
218
245
255
229
214
229
221
227
217
232
235
217
309
223
245
304
297
291
256
287
306
298
250
245
234
278
309
372
354
335
306
270
256
216
264
277
229
263
259
354
305
257
240
275
328
284
227
221
216
236
226
234
228
228
233
268
228
214
219
230
239
230
229
221
221
220
216
227
251
231
220
235
216
234
230
230
221
231
215
267
215
222
223
247
261
259
221
235
271
294
234
224
224
244
263
240
265
238
256
230
217
222
228
234
224
224
240
233
242
280
222
230
226
243
259
226
243
243
215
214
224
221
220
223
247
233
217
221
221
244
253
236
264
227
229
221
216
247
232
229
241
228
215
234
240
265
237
228
243
260
269
262
330
305
267
249
272
318
294
275
271
332
331
291
225
278
255
259
275
276
299
260
248
251
277
241
277
579
582
291
542
580
299
529
541
294
509
438
366
500
490
365
447
464
407
527
500
327
538
477
420
398
501
486
542
360
660
493
356
627
494
450
363
539
555
298
541
338
442
518
349
535
422
418
460
532
393
523
420
501
534
394
490
493
582
265
531
591
251
574
518
345
443
619
280
533
574
444
316
601
468
383
409
532
373
501
513
428
418
564
503
387
466
469
305
506
538
340
528
594
275
531
559
258
566
285
443
527
306
524
297
497
536
