686
371
473
551
589
369
657
324
542
556
463
526
546
328
540
431
686
634
585
578
671
361
417
353
381
492
359
391
543
411
442
549
315
514
585
400
456
309
555
541
337
440
469
433
429
508
534
324
455
491
337
546
432
339
569
451
439
405
550
373
427
543
395
296
542
476
320
468
520
364
471
463
391
390
521
351
553
555
402
320
437
346
590
358
445
427
442
344
484
682
617
296
566
429
469
627
668
375
666
873
609
491
509
600
500
479
622
672
688
573
494
520
466
679
501
743
631
619
702
638
686
594
568
622
695
702
665
645
556
592
460
526
677
559
505
489
561
559
590
574
699
509
407
519
416
761
693
1105
968
1054
726
367
412
562
535
438
485
524
535
608
562
540
718
626
849
541
641
583
631
501
613
497
771
652
631
624
667
595
589
554
430
646
479
560
518
596
683
430
635
439
567
472
807
695
645
533
751
613
542
637
549
405
854
1067
1126
1280
340
443
565
527
537
409
508
654
572
484
296
680
355
476
607
473
559
439
609
515
302
497
628
596
497
403
696
569
435
429
537
394
579
369
502
526
431
456
582
543
506
430
443
489
556
282
467
498
436
538
466
390
447
594
463
442
429
483
412
351
658
320
488
606
536
457
508
500
271
468
665
549
538
338
