787
499
362
663
706
347
625
700
360
617
615
322
597
654
314
585
598
452
508
521
262
555
530
426
518
522
549
350
541
497
460
459
463
464
404
474
488
546
262
559
323
495
557
453
332
557
369
414
642
519
394
410
617
598
552
270
485
441
325
586
471
418
571
329
499
634
303
491
513
431
351
558
453
359
569
558
461
341
609
552
383
521
514
432
437
467
507
427
498
547
434
413
473
458
381
444
755
604
460
515
393
579
563
527
806
776
801
626
630
669
464
714
806
822
583
603
474
495
532
590
827
536
587
831
547
607
538
673
749
587
680
546
529
684
671
663
610
566
831
489
541
889
995
1301
1199
886
672
508
607
553
705
596
809
755
736
624
652
650
535
798
541
634
588
663
840
490
809
492
525
728
690
544
784
643
732
658
599
708
700
498
1007
806
532
598
564
700
744
676
594
810
1166
1037
1325
341
393
437
492
422
413
576
543
478
352
520
587
555
446
337
574
565
523
356
526
584
664
662
470
394
561
552
277
503
523
293
656
673
421
579
418
385
520
496
344
476
529
291
549
422
446
512
668
475
358
512
567
501
281
585
313
522
692
467
336
458
501
428
367
486
559
559
545
415
427
557
577
539
287
577
528
492
382
502
552
480
446
496
514
454
406
566
395
529
383
538
488
456
426
602
