896
423
440
519
562
447
341
602
631
482
454
477
603
541
444
393
583
667
321
507
530
330
525
570
418
356
545
488
278
561
601
538
343
597
644
414
432
432
395
585
644
552
351
501
576
359
403
560
437
427
503
478
502
472
544
344
540
551
513
389
466
499
503
322
517
586
483
391
586
460
380
610
353
404
569
351
491
566
536
382
570
509
509
358
438
477
287
494
495
430
422
513
437
365
597
505
405
376
537
512
295
669
531
407
459
592
572
308
592
445
445
729
292
311
319
335
302
342
258
261
261
346
316
270
251
284
321
270
271
286
306
281
315
315
267
294
326
358
341
305
268
237
290
269
300
307
272
262
260
313
276
282
301
312
338
290
302
314
321
292
279
255
287
286
285
295
291
266
218
299
337
326
285
224
297
315
339
335
287
255
271
259
291
320
307
251
233
287
268
245
328
314
279
293
260
266
251
266
323
269
262
309
331
302
364
399
297
263
355
442
392
376
417
385
366
465
328
473
449
232
221
284
324
292
255
299
320
278
252
275
293
304
273
249
257
340
349
366
327
300
221
242
333
274
259
263
377
371
313
269
241
267
272
307
270
286
329
410
323
265
275
296
323
276
272
321
276
275
317
275
348
282
329
332
301
289
270
307
385
339
301
281
316
220
343
318
293
246
319
341
299
319
246
243
305
298
314
297
276
229
317
319
296
248
271
355
389
416
386
356
356
354
345
299
374
398
403
807
620
324
480
530
286
552
577
290
512
662
334
495
632
450
323
589
470
340
597
477
297
493
299
438
537
320
433
523
300
450
475
440
305
577
443
377
617
428
365
586
374
459
500
426
467
450
476
426
445
355
471
563
453
285
552
438
498
489
359
474
486
388
442
498
435
442
477
445
320
488
581
529
432
366
525
415
332
409
333
435
406
394
562
554
381
507
498
441
436
449
487
477
366
469
622
299
567
553
286
512
552
532
280
560
385
613
369
524
371
462
320
441
446
578
480
261
553
568
334
424
542
540
560
499
408
528
311
421
594
380
377
515
396
413
654
358
392
515
428
541
428
456
565
345
417
518
656
283
485
685
513
305
570
632
530
367
495
554
642
503
405
484
594
338
500
460
368
536
444
316
494
275
505
367
343
534
515
274
442
471
290
549
393
434
398
511
567
467
407
452
