388
300
267
255
258
321
298
282
278
279
290
313
339
329
304
292
282
306
288
278
265
277
280
268
283
268
261
258
261
265
272
300
270
267
257
289
282
338
329
288
269
270
265
263
264
260
272
261
250
252
278
307
320
284
306
268
271
252
250
251
252
258
279
311
304
356
301
344
302
247
262
274
244
260
277
269
279
266
309
252
257
263
256
257
244
246
245
252
244
258
253
288
278
271
254
264
252
246
253
256
257
277
285
266
270
327
285
247
247
252
267
317
327
286
305
296
313
311
270
309
265
225
264
294
246
253
270
278
260
265
291
275
278
290
299
252
304
248
271
252
300
260
306
278
281
259
267
304
265
256
269
260
249
268
274
282
274
280
275
283
265
251
256
253
256
263
277
258
307
244
258
287
277
294
262
281
265
283
259
306
289
284
290
300
256
255
221
220
215
223
279
272
257
256
307
294
279
275
284
277
284
276
282
302
258
290
266
293
294
281
292
301
278
277
297
306
329
332
350
343
338
325
336
341
264
255
312
289
283
266
251
259
259
295
289
274
263
270
259
284
275
269
287
297
262
258
275
273
269
267
265
295
252
248
259
281
266
296
299
293
272
268
285
267
313
260
288
287
293
254
262
280
255
283
303
282
272
298
285
289
265
271
271
301
269
279
292
262
284
302
282
295
282
280
290
276
275
271
291
270
288
275
274
300
297
284
290
277
258
298
271
278
291
303
262
301
275
331
328
352
345
277
352
258
256
268
291
300
268
250
259
251
254
265
251
256
247
257
268
278
264
254
256
261
270
255
252
275
265
267
272
278
286
296
290
277
298
270
313
256
262
246
263
270
268
281
309
292
273
314
277
307
299
259
253
248
253
267
291
281
273
265
266
266
257
287
276
305
289
308
251
256
286
253
261
264
281
259
269
268
271
270
272
266
266
265
294
290
313
248
255
257
257
264
258
263
274
282
265
261
265
290
299
307
271
256
247
253
256
273
289
273
292
263
265
255
247
