354
292
262
251
255
264
254
299
288
311
286
316
344
376
363
317
294
329
302
273
266
281
264
266
258
264
258
253
253
272
261
279
262
259
268
267
304
291
321
333
353
311
289
259
259
242
248
261
248
256
261
265
262
267
259
277
265
273
278
284
307
295
264
255
263
250
251
252
260
274
265
262
251
278
252
249
287
265
267
257
260
280
266
274
281
277
287
257
250
248
246
250
272
258
260
265
277
273
265
339
327
310
265
262
257
259
282
263
262
250
249
260
274
282
322
278
274
249
254
248
255
284
308
298
312
282
291
308
334
336
292
289
285
302
279
264
253
242
221
280
263
279
220
255
261
214
215
250
223
222
227
216
234
240
242
276
224
214
237
217
218
217
237
227
215
239
257
214
270
227
264
234
261
231
265
276
221
254
223
268
238
238
227
228
315
216
274
248
217
214
225
303
216
264
217
223
274
224
218
216
223
247
259
226
273
236
224
222
267
236
230
270
280
222
259
263
271
289
246
240
231
231
217
234
323
287
284
229
316
267
234
280
276
256
221
224
255
299
263
215
260
228
224
220
223
215
228
267
232
228
245
246
305
322
248
242
243
260
389
329
235
254
246
302
271
217
220
285
218
341
272
216
215
215
233
227
329
225
239
226
221
248
219
234
241
281
373
234
217
223
267
281
227
291
319
276
226
313
274
221
260
214
220
214
246
286
267
227
264
216
255
222
223
222
268
261
256
227
222
222
260
242
259
222
296
216
214
222
270
267
239
249
257
269
224
220
293
299
229
272
323
224
317
237
232
217
258
259
215
218
215
306
275
272
228
274
238
231
273
270
215
263
215
264
214
220
214
214
332
270
220
263
235
223
233
278
379
314
313
484
274
322
220
262
275
272
265
259
283
273
258
289
259
258
248
253
250
259
248
250
266
269
290
290
289
271
255
257
246
258
254
276
281
276
264
265
258
252
264
304
277
266
261
279
304
270
275
250
259
247
247
246
249
290
294
260
265
258
254
267
257
264
257
259
249
254
261
270
264
286
289
261
271
268
284
262
266
254
263
257
251
263
298
298
282
296
265
305
273
259
258
260
255
254
259
288
260
275
276
278
289
285
273
289
270
284
249
270
260
254
268
258
287
257
265
259
278
314
261
284
289
289
256
260
275
269
264
267
277
259
265
259
271
266
277
261
252
263
283
287
304
293
271
279
264
249
251
268
253
253
248
265
261
261
257
261
271
260
294
256
287
295
266
267
286
277
264
