874
827
891
939
968
697
753
775
758
871
868
672
830
933
951
751
965
957
695
536
674
780
796
607
431
804
872
766
422
707
773
794
814
762
401
706
876
848
883
634
405
739
686
647
498
805
709
662
593
731
664
486
864
755
435
775
908
960
872
759
828
1082
946
945
757
719
1056
1052
1157
1132
979
358
345
319
324
322
326
326
338
318
317
317
326
316
325
327
326
319
319
319
328
317
316
319
328
326
318
326
319
328
317
315
318
316
327
325
317
324
326
321
318
331
339
328
320
327
337
328
328
331
326
335
339
336
327
327
336
320
338
340
328
339
337
322
391
350
325
316
319
338
326
317
325
328
344
326
324
340
348
354
374
346
353
365
328
320
306
246
229
237
218
231
219
229
224
243
216
215
216
215
217
227
216
229
229
226
220
226
215
222
217
214
214
223
217
214
220
214
227
216
214
214
221
221
221
214
222
214
214
214
221
215
283
218
214
220
214
215
224
216
225
215
215
216
227
218
217
216
218
222
218
216
215
214
214
316
214
213
221
215
227
226
216
214
217
214
223
220
220
246
228
221
231
218
216
215
221
215
277
225
233
214
221
214
215
216
221
215
215
220
221
214
224
215
216
214
218
214
215
230
229
521
266
265
250
255
779
822
848
752
297
676
677
602
447
553
713
348
674
686
727
738
716
355
587
744
697
445
519
730
777
853
746
632
336
804
673
795
574
602
637
588
514
662
627
557
542
630
669
616
542
602
