337
325
312
302
331
318
288
273
310
306
310
292
286
291
301
334
320
322
267
306
279
284
256
294
268
261
262
269
259
271
260
267
255
263
268
268
269
276
280
266
273
267
292
273
299
316
279
320
349
338
326
351
297
279
260
262
261
264
263
272
289
263
265
289
275
267
258
260
270
267
274
326
317
285
265
264
274
279
273
270
261
265
273
262
265
251
276
253
268
267
270
266
258
256
259
262
276
288
275
248
258
265
254
265
247
258
265
253
265
272
262
269
325
273
249
262
264
257
255
259
268
301
302
316
293
293
290
327
337
291
283
286
267
230
272
304
275
273
264
228
249
321
266
319
223
307
276
229
287
278
352
261
267
264
225
267
320
279
310
271
282
262
264
240
241
272
386
291
322
280
277
275
306
274
239
244
267
221
266
265
320
307
225
268
271
243
284
268
237
279
237
243
343
239
226
257
256
265
263
223
264
324
216
265
323
292
316
282
263
318
262
292
226
303
276
269
239
273
271
265
219
232
236
278
286
327
275
276
269
245
262
236
337
229
263
372
350
332
313
315
394
247
387
329
410
316
312
265
264
222
223
297
271
264
274
295
238
271
319
230
288
229
250
322
275
352
233
284
275
308
271
221
266
215
271
334
318
383
303
267
268
266
261
260
284
283
275
311
263
262
221
225
279
216
297
256
255
221
235
324
265
267
263
261
250
275
287
240
222
236
344
271
276
242
305
284
324
270
264
268
347
280
265
353
235
265
223
293
284
305
273
223
292
258
275
274
261
259
266
252
272
278
266
273
305
264
214
231
258
282
392
372
314
350
451
448
399
262
262
259
260
286
290
299
274
274
273
264
258
267
262
264
263
265
272
288
276
272
284
253
304
268
266
258
261
259
295
297
262
261
247
254
260
266
263
261
257
278
273
278
272
281
321
292
246
247
247
252
261
263
255
264
278
296
254
256
257
256
267
293
286
292
310
310
280
289
278
269
277
279
283
267
263
264
258
256
259
254
273
253
259
261
267
259
280
304
266
263
258
259
251
249
259
261
256
248
253
275
258
260
270
269
265
248
244
275
280
266
280
264
262
262
255
262
249
259
262
262
261
251
253
256
255
257
258
260
256
266
264
278
274
287
277
294
274
262
263
260
261
282
252
257
249
247
255
252
286
269
278
286
266
273
276
275
273
289
262
275
289
277
257
290
280
251
250
259
260
252
250
287
301
336
265
282
277
278
280
259
