300
724
309
708
728
945
891
954
1075
869
821
686
786
851
979
862
715
826
668
825
920
779
623
612
690
641
713
616
518
669
731
705
584
423
727
408
640
805
731
650
535
682
649
446
669
707
414
638
684
472
696
629
607
633
642
628
601
660
414
619
791
599
401
760
706
858
784
848
1003
966
689
804
904
962
892
904
875
815
829
755
570
404
412
428
419
392
387
405
445
394
416
413
429
413
425
428
400
419
419
404
413
401
406
417
401
415
423
403
395
420
416
406
408
411
393
404
401
397
408
414
411
405
401
408
403
401
417
428
406
405
396
428
428
417
420
422
442
413
409
391
411
408
522
630
663
668
630
556
311
322
306
306
299
305
304
313
298
295
301
324
311
317
322
307
304
320
331
312
329
333
307
321
304
304
315
307
308
301
318
299
332
338
308
315
300
307
317
303
318
304
294
312
295
313
304
305
300
299
298
327
301
307
305
311
294
303
311
319
300
306
324
308
316
365
296
300
307
319
329
316
311
320
304
327
323
318
305
308
322
305
551
555
571
536
449
843
445
488
703
774
651
749
684
429
613
667
745
816
389
535
767
771
728
615
376
755
732
686
689
619
402
754
629
455
557
634
566
539
598
670
730
584
553
617
735
708
661
485
463
656
727
656
437
596
691
520
634
620
774
593
553
655
784
637
603
