379
322
270
262
258
260
252
256
262
295
318
311
319
327
301
306
274
288
309
265
254
251
262
267
295
294
264
294
291
294
283
279
285
293
290
319
252
252
246
251
263
267
285
286
264
291
273
270
281
301
279
285
289
280
286
292
291
279
263
266
270
302
271
266
267
282
279
282
260
286
263
251
254
256
244
245
261
253
264
284
275
287
273
258
256
264
258
292
281
262
288
275
246
274
258
246
253
262
269
282
274
289
264
245
253
248
259
258
265
291
277
263
270
277
319
299
320
326
317
293
282
290
258
221
214
222
221
220
222
221
228
221
220
221
215
221
214
221
221
214
214
218
226
225
236
224
221
220
223
218
214
220
218
224
244
229
244
238
222
217
216
237
225
228
227
223
221
231
276
221
223
216
221
214
214
223
227
221
214
213
220
215
215
221
222
220
222
222
223
221
220
270
252
232
223
221
220
214
227
222
222
221
219
214
228
214
222
224
227
214
221
217
219
215
214
218
231
221
220
220
221
222
219
216
227
216
214
224
243
232
217
224
215
232
224
235
243
243
245
249
244
254
271
256
263
271
224
283
225
222
214
224
223
216
223
216
222
216
216
214
222
223
216
224
222
216
221
214
229
216
263
233
217
218
222
240
218
216
214
218
223
222
216
221
222
216
224
230
215
222
222
230
216
215
223
221
216
215
214
221
222
215
223
214
214
223
216
222
214
221
221
222
222
214
216
221
228
219
227
227
220
233
216
226
228
219
214
221
216
214
213
214
220
227
228
214
217
230
219
223
223
220
221
222
223
221
215
221
222
228
215
216
228
222
223
226
227
217
215
222
222
242
253
247
241
250
231
245
242
243
244
246
262
255
257
256
259
270
266
274
265
265
250
284
308
263
255
253
270
249
249
254
275
275
280
252
247
248
256
259
259
257
253
261
272
300
318
299
276
317
260
251
254
263
260
266
317
308
281
300
260
258
257
251
264
266
277
304
271
247
257
256
258
281
273
282
264
281
286
290
279
291
285
266
259
291
294
255
264
268
260
246
259
253
264
290
277
278
287
279
267
276
276
267
255
263
254
252
248
259
269
258
268
269
276
259
303
290
306
