454
254
277
353
257
260
389
445
315
290
431
428
332
344
339
350
368
489
354
280
333
350
290
266
408
440
390
313
315
362
336
259
249
310
335
365
248
265
382
378
254
293
411
394
295
261
339
405
437
403
261
314
408
292
287
364
418
352
265
368
410
510
495
448
427
260
317
451
501
377
266
312
363
335
276
419
274
262
390
417
301
302
396
437
449
305
297
320
379
397
289
277
381
506
464
336
300
397
429
510
362
352
429
1255
236
236
245
225
224
215
223
217
216
223
216
222
224
218
214
226
231
237
238
217
236
216
230
214
215
223
222
215
239
252
218
216
213
222
216
223
215
222
216
222
224
241
218
224
217
228
218
228
230
230
218
240
217
216
222
213
221
217
222
228
224
224
222
227
214
215
248
219
222
214
219
228
222
225
225
227
233
223
226
230
219
215
222
214
223
269
225
230
224
223
229
215
223
214
218
215
226
220
222
220
215
216
228
220
217
214
222
215
278
334
305
273
274
254
268
276
264
233
257
238
269
296
273
237
220
245
222
217
246
246
224
237
224
229
216
222
236
222
218
227
224
218
230
239
229
229
229
221
222
238
217
227
216
245
216
234
231
252
228
222
222
215
216
229
216
217
226
222
222
223
245
223
218
218
228
233
214
225
215
232
226
224
222
226
222
244
247
243
216
239
214
217
234
224
216
222
222
225
248
246
222
231
222
217
224
232
233
240
236
228
217
233
220
230
234
230
230
222
224
215
214
226
244
249
216
215
218
222
234
221
220
214
220
221
221
233
236
236
267
287
254
275
234
239
238
263
249
276
272
245
261
363
402
425
264
260
378
289
255
352
372
349
277
269
355
443
323
254
295
514
460
477
541
459
437
363
288
317
393
383
429
491
252
311
380
256
326
349
411
292
258
403
431
525
394
433
393
258
409
479
369
268
335
368
412
437
262
279
430
388
363
271
395
451
451
345
281
299
326
316
266
266
293
363
343
306
374
326
327
270
278
278
316
324
275
311
371
269
305
295
396
357
387
321
257
427
446
266
268
465
347
258
322
426
332
257
326
471
477
492
463
300
303
405
355
253
363
405
448
259
307
423
384
312
284
369
452
403
307
262
368
352
275
268
389
428
309
281
406
369
251
328
445
363
318
319
377
474
391
420
402
280
308
430
393
393
310
265
456
448
523
475
448
289
291
388
268
257
411
439
368
268
311
480
399
281
268
380
418
396
396
261
349
535
434
462
353
259
359
451
434
321
264
414
316
253
384
429
468
273
262
429
343
257
354
403
411
450
292
284
389
444
416
283
262
462
468
447
390
346
284
303
391
426
426
317
257
379
440
321
259
312
268
283
361
371
259
288
430
267
283
372
412
431
411
336
249
367
430
414
390
268
315
388
410
437
424
535
466
389
261
296
375
