506
452
436
488
455
303
304
298
363
303
301
333
467
419
329
352
323
369
288
257
334
359
301
300
264
317
436
381
421
368
247
317
399
449
291
279
432
403
341
256
258
256
247
287
380
310
285
287
356
383
362
379
393
331
312
249
323
261
301
280
278
310
310
345
360
393
273
276
327
327
300
345
294
272
294
305
251
283
454
379
413
439
293
295
318
369
427
326
259
258
308
343
288
264
266
282
254
280
318
367
392
375
351
277
307
522
467
430
341
307
340
322
301
313
349
380
408
285
297
403
325
263
554
322
271
238
275
279
355
339
231
345
329
318
286
325
276
257
352
286
311
249
276
271
233
336
335
311
269
346
258
303
380
318
294
297
312
396
395
357
219
403
274
322
246
323
221
400
254
304
249
351
242
395
325
266
340
473
311
236
287
250
246
378
341
251
232
424
277
275
239
292
285
300
285
361
345
270
340
373
290
295
280
332
239
238
219
371
232
246
286
288
266
227
280
255
329
399
305
404
566
527
393
359
605
456
484
400
299
315
289
372
257
223
311
356
224
316
321
323
271
235
307
361
268
392
239
267
274
407
286
376
314
294
293
252
255
238
335
368
265
403
320
226
453
314
376
219
319
349
281
274
259
284
230
277
281
330
216
256
364
280
341
274
287
371
316
321
236
280
287
271
357
273
358
259
336
362
280
325
304
243
411
340
268
371
276
277
269
315
319
243
279
347
280
245
377
392
260
437
434
372
374
291
495
489
527
334
527
338
422
337
272
262
257
288
328
349
457
412
347
258
313
435
358
265
277
316
423
381
422
492
427
485
437
302
262
382
380
422
262
274
343
358
322
259
254
358
318
264
273
358
384
415
288
247
325
395
392
371
351
300
242
316
336
347
316
303
264
317
386
287
264
291
266
275
421
296
283
314
353
387
422
251
256
331
357
323
309
258
290
315
263
276
302
282
275
287
341
280
245
288
288
283
291
363
459
436
279
280
386
245
261
316
351
344
304
249
305
352
418
359
264
301
460
406
401
275
282
435
365
413
315
436
267
263
391
455
298
284
328
377
257
350
452
286
256
377
398
389
277
275
294
318
345
263
300
393
401
342
274
284
327
402
460
331
265
249
357
326
245
316
389
479
343
247
307
382
333
312
254
298
350
291
248
303
308
401
274
267
317
325
294
286
382
417
342
295
253
292
309
298
308
267
303
300
319
294
308
401
420
472
363
404
282
276
289
394
390
365
271
284
352
374
267
246
392
345
242
332
410
406
294
251
317
346
383
245
283
418
410
350
260
305
393
394
272
265
386
352
254
347
334
263
251
314
369
330
254
271
435
366
283
254
317
256
252
360
404
417
310
280
343
423
390
318
264
352
410
428
357
269
265
282
