529
306
303
293
292
357
330
363
378
439
445
538
546
531
321
300
335
446
289
276
333
350
280
307
425
353
281
448
482
481
458
404
281
379
368
419
282
463
394
292
302
366
407
249
375
443
377
413
283
293
455
359
269
268
327
329
335
277
291
400
409
296
266
373
425
395
395
250
295
377
363
256
316
379
427
405
279
295
389
387
318
255
306
382
420
434
257
254
394
389
407
263
258
363
441
378
258
270
366
445
407
282
301
424
417
300
289
317
326
277
316
277
297
337
376
452
359
363
229
505
328
324
416
328
325
322
547
318
449
290
427
346
333
334
408
437
299
285
378
293
466
324
377
455
217
344
379
431
372
331
228
332
323
381
452
405
374
296
393
377
377
311
548
539
377
428
381
381
386
291
372
405
367
422
336
428
302
372
341
465
342
306
478
317
492
311
409
343
376
214
391
498
490
701
775
609
736
704
648
362
418
337
411
379
334
308
414
447
336
265
344
280
437
304
375
577
427
328
378
376
386
302
370
333
324
398
328
490
528
411
286
440
339
348
475
307
330
347
382
382
301
341
396
494
410
435
441
379
342
431
308
220
513
346
420
389
383
432
689
383
435
340
297
313
351
339
378
417
440
582
426
433
401
260
752
725
620
626
335
275
288
296
341
302
254
270
322
363
294
274
302
301
293
276
311
391
369
494
320
250
280
436
374
297
265
292
377
307
263
292
355
330
259
299
319
253
262
339
341
267
254
328
441
420
443
340
245
359
381
429
419
365
248
302
375
356
263
282
283
318
285
263
288
356
424
410
303
260
294
376
336
343
301
278
323
308
276
279
259
324
386
273
265
295
357
343
364
292
336
257
269
382
300
249
263
393
301
243
284
316
392
280
271
359
369
403
377
255
261
279
254
273
395
306
270
280
345
298
253
260
322
277
248
283
369
329
249
257
405
353
261
281
271
258
255
332
343
314
330
341
244
308
407
285
247
375
286
272
280
349
310
257
272
283
301
271
251
269
363
405
409
367
381
263
295
291
263
273
358
368
381
393
265
258
344
426
482
371
257
302
291
371
349
409
270
261
330
358
284
279
278
348
269
275
360
384
347
259
255
337
430
314
250
318
426
362
300
278
325
401
290
290
262
289
333
395
439
445
299
261
278
298
408
372
287
262
272
320
296
253
275
346
391
386
349
459
453
392
257
300
369
374
416
340
260
264
385
275
264
260
329
306
346
258
251
307
305
296
255
285
266
279
279
262
321
272
274
279
344
312
253
282
296
323
353
261
259
354
384
415
356
324
291
363
326
259
305
298
341
347
258
264
359
359
306
265
322
