507
440
399
382
295
303
374
467
316
293
400
312
292
422
429
390
502
264
323
486
456
384
460
370
265
290
310
279
254
396
350
279
308
355
351
344
257
266
277
295
283
335
348
257
259
325
367
346
303
322
344
344
263
273
420
314
317
360
393
341
362
253
326
474
374
300
290
319
344
378
395
331
270
262
300
267
276
370
331
296
299
265
287
331
339
398
300
248
301
315
250
253
388
339
258
291
391
422
371
326
315
341
409
298
319
403
402
506
461
297
335
442
229
228
255
275
232
224
213
270
279
319
262
301
277
309
264
270
272
311
280
277
301
323
293
331
328
331
324
285
282
316
302
297
229
218
230
231
291
306
278
293
312
334
272
299
273
284
261
265
328
327
290
283
310
323
255
274
267
271
315
301
283
283
280
218
229
237
302
308
331
297
344
273
281
284
329
281
273
292
293
266
283
316
281
307
309
263
274
280
272
275
340
355
401
340
299
374
328
408
412
316
334
223
234
256
308
275
287
268
285
290
288
295
288
297
296
310
305
228
225
227
306
294
281
289
307
318
323
310
294
268
273
301
299
291
304
300
302
293
276
282
273
302
275
280
242
267
277
327
325
324
284
332
288
283
272
319
297
272
281
271
284
346
280
288
320
303
297
278
343
328
347
283
279
297
288
308
323
271
294
319
289
287
311
291
294
289
320
309
337
348
340
374
359
373
343
469
266
269
414
445
442
385
253
282
362
365
398
390
352
262
280
345
375
393
405
321
289
282
296
266
261
281
263
302
324
309
259
274
330
259
283
312
251
252
331
346
481
406
344
323
262
328
377
259
311
407
369
351
333
246
301
312
345
368
352
266
288
397
308
256
330
397
463
428
287
267
350
392
393
264
253
336
421
358
249
275
332
262
292
312
340
316
296
259
255
349
387
