912
387
441
500
547
403
414
604
645
428
448
535
524
486
324
586
658
680
428
425
588
635
387
404
608
578
559
328
488
587
528
319
601
606
295
633
375
443
560
565
385
487
495
493
387
544
616
355
517
482
479
432
534
543
472
433
567
518
433
421
477
606
441
335
555
642
298
523
616
336
551
537
272
561
595
506
381
508
502
362
513
538
410
329
534
424
431
485
467
299
436
544
443
446
492
400
417
534
554
305
512
605
590
343
453
571
409
628
568
766
368
232
258
332
342
300
292
329
271
254
297
306
286
296
231
322
317
285
297
288
273
284
359
274
233
344
371
307
353
310
274
260
215
225
319
303
282
236
250
285
270
298
295
337
281
269
343
315
271
229
279
289
259
323
288
286
266
254
331
330
309
243
251
297
285
223
214
321
290
259
265
258
277
329
304
246
231
287
298
263
284
326
258
301
254
293
263
264
292
304
284
289
321
328
335
313
228
341
376
405
371
422
404
392
411
453
320
488
305
297
265
308
291
245
284
321
318
261
284
270
311
308
278
242
278
332
326
384
361
304
225
246
332
291
260
298
316
411
340
272
265
233
251
312
312
283
282
397
327
317
272
227
370
306
279
265
288
305
285
276
330
277
322
320
288
265
276
289
369
286
288
317
271
278
340
294
297
272
339
301
290
248
299
273
292
323
310
247
265
266
337
250
255
283
326
358
411
401
362
337
385
371
320
324
374
423
406
354
492
384
412
484
343
544
614
667
387
350
657
362
475
565
324
429
554
300
485
494
324
519
408
292
496
287
485
504
293
446
353
394
449
522
271
575
629
413
438
611
394
436
543
374
484
527
418
453
488
430
369
577
513
299
501
527
394
411
511
474
512
464
454
461
503
487
339
478
589
499
272
458
470
361
462
485
381
481
483
364
464
460
530
281
511
491
371
533
520
397
407
500
398
372
494
415
433
632
577
302
494
611
487
429
480
456
613
353
517
288
464
476
289
431
542
492
259
500
501
329
503
562
537
291
431
611
476
324
564
401
370
535
302
483
498
415
394
663
433
312
658
548
521
573
540
422
349
664
554
310
549
562
344
474
554
400
405
549
550
321
530
580
475
309
501
338
505
582
322
504
527
302
515
395
324
512
591
429
311
486
299
489
531
484
432
406
509
553
494
337
460
