811
601
445
313
768
446
394
586
457
436
639
467
539
531
316
751
608
532
265
505
281
533
615
466
309
489
335
425
534
269
538
544
365
517
577
289
442
275
647
541
254
593
466
447
387
514
267
481
539
351
413
596
366
489
575
436
386
443
445
402
477
583
434
351
452
511
336
428
420
318
557
505
388
388
442
381
555
387
325
551
319
465
378
445
560
451
467
366
469
465
353
645
517
347
509
296
594
638
298
583
871
654
538
544
665
537
525
543
687
727
639
431
511
560
610
477
737
637
727
635
591
699
599
550
660
656
647
637
669
563
599
512
690
733
389
539
676
525
486
660
650
605
372
512
423
459
824
635
1209
917
1164
707
438
533
532
474
497
558
536
607
564
499
763
612
859
545
589
501
675
495
601
471
730
682
549
702
683
584
502
600
469
573
599
562
523
595
640
430
555
506
572
404
843
697
675
563
803
618
508
636
547
443
786
1085
1118
1105
423
496
482
486
454
520
548
340
531
510
549
357
574
320
506
515
281
519
668
496
325
560
494
363
502
517
511
342
685
479
523
475
557
416
529
516
456
575
539
342
453
524
497
452
426
535
565
346
461
528
474
492
436
529
470
429
460
461
422
456
545
301
525
621
372
474
491
425
475
493
285
480
558
422
435
525
