317
505
704
390
447
614
319
678
342
533
593
299
624
512
408
589
378
576
582
361
505
306
456
600
563
365
542
571
517
355
516
531
446
448
501
423
406
473
489
514
252
632
486
333
596
543
304
527
659
697
538
611
321
538
520
571
504
375
585
610
484
358
600
443
388
665
350
485
492
624
428
314
678
500
522
438
454
539
266
531
717
357
440
385
460
443
416
584
510
473
438
430
419
485
475
497
755
455
531
515
480
513
511
601
862
821
781
543
653
583
624
853
816
645
538
572
603
460
486
685
819
453
802
688
457
755
505
733
573
628
560
624
685
641
558
679
646
570
792
443
724
942
1077
1273
1101
461
660
553
609
561
656
475
799
860
679
650
614
645
578
709
571
583
558
785
820
469
812
546
510
649
754
564
777
720
736
706
551
754
703
545
964
750
534
645
559
702
792
626
656
861
1080
1200
1832
541
532
495
483
316
523
511
390
437
551
579
303
477
503
575
302
469
537
508
278
650
616
488
390
573
494
285
524
601
413
509
619
464
578
535
328
480
523
387
479
575
493
330
542
474
354
582
504
382
508
523
584
420
383
677
446
415
527
498
441
456
500
499
642
554
593
455
337
534
635
523
403
395
582
472
282
558
527
339
424
550
274
510
459
301
659
576
483
505
378
493
508
356
527
