677
545
587
295
537
666
278
636
638
572
409
409
512
586
524
473
331
524
500
550
344
585
570
530
284
671
270
548
516
478
395
519
546
515
432
467
538
563
421
403
549
648
589
423
395
494
605
269
571
571
384
500
518
482
316
475
496
383
575
575
336
478
556
292
464
627
465
364
575
595
479
429
696
405
546
405
521
478
380
488
461
224
221
258
226
222
223
222
243
265
220
219
220
225
251
242
214
222
224
265
229
217
224
248
291
257
282
231
215
223
229
262
288
243
214
220
235
255
255
239
230
220
215
222
218
236
227
259
245
287
282
242
215
229
228
235
230
222
219
236
225
229
221
247
228
214
248
214
221
222
245
246
270
285
254
230
227
221
214
221
232
228
227
242
243
214
215
245
238
292
295
220
214
225
245
222
228
223
228
248
230
221
219
224
231
241
225
221
261
234
256
278
283
269
248
269
302
260
222
245
285
292
355
262
268
264
350
317
299
269
230
232
280
266
306
374
285
245
274
290
342
241
253
217
227
236
239
234
227
225
255
268
217
217
215
233
224
225
216
225
219
222
234
222
261
220
214
230
246
228
247
252
254
215
221
245
276
248
222
223
227
233
237
220
253
306
287
247
228
214
221
254
261
243
249
273
261
215
214
223
239
232
227
243
242
228
276
242
241
239
245
220
221
222
227
222
234
239
237
215
233
221
229
222
242
225
220
237
248
247
267
224
220
221
222
235
242
242
234
231
223
221
250
261
227
229
222
255
371
289
281
243
245
315
319
304
296
279
322
297
228
227
228
287
287
263
304
305
331
268
307
273
614
319
484
616
264
527
664
547
624
359
483
540
263
506
511
494
438
518
451
410
567
531
397
394
507
554
559
261
608
486
396
537
502
273
516
423
357
611
586
346
452
538
301
585
459
421
420
607
538
491
408
426
569
668
450
360
540
650
628
544
343
492
451
369
531
665
467
395
570
596
519
450
429
508
648
405
370
617
552
347
497
512
468
472
489
612
304
482
599
588
262
662
494
346
539
587
277
500
637
449
359
