474
274
265
372
287
319
379
349
319
351
344
356
380
298
295
403
390
450
447
291
269
368
342
321
285
256
317
404
275
266
325
393
464
445
265
310
409
466
290
263
278
357
427
336
249
278
332
459
398
383
310
262
293
341
311
399
280
246
315
298
253
298
436
333
257
256
341
360
252
290
333
277
270
248
268
336
439
363
440
293
272
333
438
426
273
256
340
411
344
268
266
275
352
333
287
269
273
326
391
402
336
260
283
393
418
490
370
261
362
463
485
380
414
436
315
344
342
398
448
463
310
403
315
274
242
271
240
344
347
230
336
292
315
326
283
274
219
379
350
365
259
254
327
219
257
319
276
237
282
285
363
295
327
269
299
360
300
351
414
322
282
334
278
287
275
300
340
325
279
230
314
236
265
365
330
225
403
395
323
284
285
261
214
390
297
257
269
429
273
239
293
277
240
299
278
376
342
274
384
333
297
282
323
333
273
325
320
226
316
319
304
301
270
222
255
366
458
343
554
544
475
253
423
547
361
474
402
296
274
319
387
263
348
292
294
350
317
272
381
252
275
223
337
332
329
233
302
216
472
294
315
284
293
364
273
221
285
360
252
463
367
305
421
316
375
247
328
306
292
312
256
280
234
293
320
286
242
230
345
277
292
325
221
403
317
317
276
338
276
355
331
269
316
306
287
323
327
368
266
301
417
297
298
389
280
234
285
298
360
268
297
340
279
277
445
275
440
423
371
406
351
401
474
503
352
540
332
371
280
346
324
267
359
291
289
254
333
431
416
429
421
356
251
296
396
378
322
258
307
432
446
448
408
255
311
419
394
371
256
250
283
265
254
320
304
247
282
312
272
267
363
392
404
260
243
309
247
267
329
363
266
252
307
346
357
266
256
338
265
258
274
380
356
258
288
338
423
308
300
312
363
417
419
352
292
263
300
372
355
276
251
281
308
250
277
308
259
275
292
300
266
290
368
378
268
250
374
370
262
308
371
244
312
329
350
361
399
251
255
341
420
427
433
456
420
250
264
328
486
380
373
273
251
348
446
393
243
320
465
378
501
471
476
367
265
302
393
434
343
320
266
262
328
417
450
348
258
296
351
348
370
270
291
362
363
433
265
282
300
260
265
384
275
259
381
351
333
273
263
343
379
314
256
277
331
400
365
264
263
338
452
418
382
305
244
286
367
311
286
257
255
292
316
305
263
258
270
310
438
462
372
357
247
261
329
396
347
276
277
392
384
338
242
289
476
437
416
264
262
355
400
368
411
415
402
257
272
418
427
378
277
275
387
385
403
258
303
420
252
264
313
359
371
266
254
333
440
374
359
248
278
329
462
449
385
253
277
364
450
272
261
379
343
276
262
366
283
266
308
293
