481
297
291
323
405
382
362
288
397
481
452
442
277
331
382
442
496
268
301
457
458
377
450
333
259
331
339
260
265
417
422
400
314
381
289
288
263
254
313
272
255
275
361
356
286
264
347
281
305
314
339
279
270
322
377
288
311
405
409
359
416
249
294
472
415
334
253
283
312
289
302
328
325
274
260
301
376
329
316
320
257
269
335
302
290
254
371
369
357
268
265
284
428
412
405
268
272
338
312
314
348
383
418
289
342
336
414
379
291
414
501
282
249
233
220
234
269
302
326
264
292
324
220
215
214
232
292
275
260
286
329
271
270
288
279
267
217
221
296
314
300
280
285
327
307
268
214
228
233
262
302
302
269
294
309
315
280
296
262
278
265
289
338
316
307
276
308
320
265
269
255
283
320
311
296
276
271
336
326
316
331
339
285
348
278
282
272
330
265
274
280
311
272
283
308
286
308
309
264
276
284
268
260
306
389
385
343
326
380
328
399
363
302
338
258
245
253
273
284
290
278
268
292
291
320
301
288
319
298
320
342
311
312
304
290
297
298
291
318
299
277
269
312
320
301
283
280
274
305
293
275
294
271
302
253
257
267
285
271
336
337
315
293
346
296
289
270
301
308
268
273
293
281
334
290
290
320
287
290
283
353
314
319
299
306
289
274
316
320
271
329
274
296
290
320
291
286
297
329
296
312
353
399
370
317
422
300
484
435
279
270
394
446
296
273
350
316
410
401
327
363
261
308
363
383
377
331
251
307
336
273
275
260
302
285
267
266
299
328
340
397
330
279
292
336
325
259
295
355
446
328
267
262
340
272
250
416
390
324
283
307
345
367
326
330
263
261
348
387
369
255
270
397
322
274
337
404
374
446
368
313
260
356
385
369
262
283
425
353
342
326
248
265
344
331
252
250
294
346
