496
285
262
379
379
265
284
352
514
498
402
328
300
353
357
417
470
345
251
344
299
251
368
365
262
329
415
419
346
315
288
287
330
335
285
301
361
400
418
348
254
324
398
370
398
285
271
400
451
456
390
329
328
376
406
463
444
305
273
439
468
461
290
264
426
462
380
249
369
343
275
286
454
253
317
388
369
258
309
481
446
448
377
317
343
311
283
304
343
362
409
296
306
405
324
301
417
465
453
312
324
409
302
220
214
229
220
221
219
230
224
223
228
223
221
234
228
233
228
221
223
215
216
227
221
268
249
239
227
243
217
216
243
215
214
214
220
226
223
228
223
241
228
234
216
237
228
261
214
216
227
236
220
231
223
236
216
230
225
221
221
214
226
214
226
214
216
221
214
227
223
234
239
241
227
214
218
218
230
228
215
220
217
228
215
227
220
222
220
220
216
227
214
227
223
222
221
217
221
214
215
220
219
227
234
223
232
216
230
216
226
233
215
231
222
300
344
309
283
303
301
282
281
255
266
274
242
258
229
261
240
263
264
221
214
220
214
215
222
214
215
215
214
237
223
219
217
223
220
231
244
223
229
237
223
222
246
226
214
221
234
222
233
225
243
225
214
215
221
220
218
219
227
229
224
219
220
249
225
218
215
232
216
214
222
221
221
220
224
241
217
238
241
223
229
242
271
244
245
258
230
215
221
227
221
223
215
215
222
222
230
217
234
218
228
228
222
216
238
233
226
220
232
233
221
216
221
213
240
239
252
219
223
237
232
227
217
216
223
222
241
219
218
225
241
270
278
228
276
254
242
241
251
237
252
244
226
245
422
342
279
324
393
423
383
411
368
301
260
333
429
447
406
450
520
434
268
286
486
358
268
320
395
261
278
370
403
389
264
362
464
318
299
339
351
460
395
271
302
399
454
402
277
286
408
550
473
434
266
312
367
451
428
430
471
347
261
337
323
264
357
438
331
257
317
264
290
305
287
339
350
271
344
327
293
275
278
293
273
315
353
338
358
269
300
388
363
308
370
295
277
365
478
390
258
322
490
426
335
297
348
405
429
495
479
503
471
522
502
416
467
455
515
453
318
266
353
408
440
463
413
354
257
351
387
379
328
292
378
435
295
268
371
488
500
411
290
294
362
442
355
268
264
400
462
401
303
276
395
419
522
448
517
424
273
281
436
422
268
302
457
408
284
264
386
518
457
413
420
433
330
273
335
442
570
408
291
292
403
466
447
458
343
268
389
443
471
381
265
331
439
448
261
284
397
374
411
267
295
502
404
406
270
300
361
465
264
310
415
380
425
415
356
262
352
395
467
428
419
294
294
330
276
265
454
435
301
264
362
397
404
286
295
358
398
359
270
314
422
378
296
277
354
344
259
287
424
406
538
476
366
265
314
300
264
