557
477
310
287
321
311
343
478
435
283
335
482
513
532
366
302
321
386
292
292
321
309
265
366
441
311
302
459
456
478
471
413
295
358
379
418
303
462
444
283
287
378
469
431
296
264
292
267
294
405
484
358
298
288
304
374
391
324
290
348
388
458
305
254
328
419
413
387
265
268
341
474
425
415
447
428
406
432
262
267
364
399
295
273
384
406
342
257
269
374
268
257
362
392
398
322
250
325
370
263
283
411
365
287
409
426
382
463
330
280
322
346
386
310
340
357
376
377
396
280
374
326
237
366
275
498
359
508
308
358
287
384
284
374
381
305
330
376
341
422
262
399
465
314
257
327
451
343
360
267
329
268
325
421
422
425
427
224
499
292
283
427
594
431
416
380
419
297
451
391
395
342
356
357
412
385
432
235
455
333
342
423
419
412
429
335
335
380
300
382
356
541
645
799
553
760
740
595
404
385
362
431
337
372
334
269
463
343
375
313
378
307
356
357
257
582
429
319
373
384
384
252
420
335
328
348
321
403
537
390
223
472
370
340
380
426
327
332
374
381
367
342
447
484
526
475
389
379
257
429
345
290
402
398
370
428
388
441
683
378
397
337
293
257
403
300
376
368
538
628
381
478
360
313
854
580
764
676
289
302
331
253
254
311
324
288
259
299
337
338
362
253
257
308
402
253
304
468
385
380
314
261
286
275
278
272
359
310
273
285
347
270
274
317
325
266
293
272
254
262
348
387
442
351
247
312
435
440
414
433
448
398
284
258
358
359
305
256
265
304
321
261
264
342
420
415
332
266
255
417
300
324
305
292
312
314
289
278
268
313
427
365
306
313
301
280
313
350
320
282
275
336
396
336
440
335
272
302
273
373
435
264
249
353
363
406
382
250
252
304
249
278
363
322
288
259
297
295
257
259
309
300
259
284
344
384
294
299
308
369
312
272
247
341
321
256
266
300
314
434
435
423
263
273
327
289
254
300
343
310
290
304
276
255
281
349
250
299
390
357
371
261
279
352
339
248
298
301
262
257
337
346
254
294
393
473
392
377
252
253
312
351
305
245
321
391
438
330
266
252
337
267
247
329
378
376
277
267
324
406
426
422
437
470
412
353
269
336
263
294
358
367
381
261
260
399
433
317
369
277
268
337
319
300
342
266
276
345
372
388
343
294
249
330
441
460
304
255
313
359
345
244
259
347
415
258
254
323
337
296
266
267
277
325
296
271
265
284
281
320
253
292
315
283
291
297
333
349
325
257
278
296
309
309
252
306
369
412
370
325
324
341
332
274
280
270
330
280
252
325
369
257
265
340
386
