449
415
710
323
455
721
293
639
433
426
611
292
546
352
517
673
324
576
559
469
498
503
343
573
494
368
466
475
365
543
490
484
307
629
447
465
482
450
290
473
551
479
280
580
386
413
618
573
300
520
580
549
310
509
628
512
326
510
509
302
511
558
317
519
581
376
518
348
481
582
449
333
580
538
320
364
458
529
436
477
426
364
566
734
362
490
601
452
408
474
618
514
421
420
552
471
420
520
760
544
577
518
488
552
516
640
760
779
773
549
696
569
594
755
802
757
586
523
518
548
489
617
835
493
688
721
509
745
428
827
566
587
645
609
738
604
559
631
651
565
836
403
745
886
1078
1226
1104
411
728
484
602
594
648
505
637
1005
640
685
610
560
704
685
653
584
527
828
669
597
646
687
487
625
793
549
744
710
760
655
713
676
619
570
854
764
682
444
574
779
732
713
584
768
1034
1131
1029
420
396
479
482
476
531
363
504
547
506
463
411
558
564
562
427
339
570
448
417
511
524
482
453
583
650
503
396
508
490
303
519
557
346
628
686
339
543
504
350
506
586
579
454
461
583
488
380
567
600
419
457
454
605
493
265
701
510
341
543
490
452
416
545
453
523
625
568
499
349
529
635
614
384
391
569
519
321
460
560
409
272
629
507
506
463
611
382
541
359
531
502
360
485
592
