843
392
445
566
586
420
371
598
482
406
525
534
574
400
396
516
459
373
627
439
432
576
307
444
566
375
390
549
361
374
561
553
552
374
599
678
333
439
413
447
639
643
598
420
419
535
431
347
650
359
461
493
480
483
561
535
539
394
569
531
509
446
431
514
571
592
500
392
544
342
530
635
637
366
450
606
479
382
550
649
492
307
480
509
274
460
381
370
562
456
391
380
561
793
514
397
446
536
593
619
475
400
476
501
425
578
462
435
575
754
379
242
255
306
354
312
279
319
282
224
318
317
305
299
232
320
317
285
287
273
277
279
307
252
281
356
342
307
379
246
218
268
254
287
351
321
287
224
268
286
280
266
308
350
297
291
296
310
301
228
256
313
319
278
268
293
310
268
283
324
300
280
229
283
318
305
294
222
289
296
297
288
289
250
258
279
277
278
269
304
298
274
288
284
263
262
274
303
310
266
302
369
285
307
317
304
348
386
426
384
426
406
443
418
398
319
476
442
251
253
245
324
295
269
277
307
292
295
269
265
309
277
272
264
305
321
360
348
318
270
227
310
312
270
281
305
390
328
264
223
251
266
338
314
268
296
394
364
308
303
251
295
326
285
264
277
302
285
290
324
303
310
329
328
292
235
292
329
319
278
321
332
279
289
334
304
288
277
282
294
232
270
271
332
319
340
287
283
241
302
315
292
235
288
312
436
391
405
288
370
406
301
295
390
430
391
693
287
611
414
413
506
480
300
679
524
284
524
669
261
499
502
297
533
421
368
487
368
439
490
279
497
472
321
456
533
379
405
524
286
482
574
520
311
580
408
368
555
377
516
521
419
449
358
448
500
539
623
306
449
503
331
462
392
426
346
410
426
322
442
301
481
466
461
350
519
400
398
460
409
351
467
569
322
401
543
383
451
437
439
372
548
350
449
505
289
444
486
357
465
449
499
298
543
576
339
543
459
339
551
442
336
523
605
441
510
444
338
391
549
330
473
496
445
340
484
360
347
453
345
441
531
518
272
489
505
293
518
478
356
522
516
276
547
491
283
543
532
393
464
657
438
471
502
390
452
426
332
643
521
254
622
590
321
468
473
297
578
502
500
383
550
588
423
345
558
285
525
471
377
553
503
306
556
318
409
540
584
444
295
531
647
374
434
496
492
477
288
564
624
529
