1047
462
339
424
431
632
730
533
530
539
494
374
592
451
336
509
581
448
464
536
570
295
499
541
250
700
382
502
505
492
386
392
531
502
407
489
546
544
431
415
526
607
377
461
550
337
399
610
442
373
623
563
489
390
446
534
459
421
545
373
411
576
486
384
530
482
468
463
613
334
522
600
461
411
569
530
498
606
439
516
508
266
232
217
221
237
269
229
241
224
245
237
259
228
214
221
242
272
237
223
221
216
266
297
222
229
225
243
231
252
247
231
215
255
258
219
221
225
232
235
249
235
223
230
248
243
224
230
216
217
282
266
250
244
232
214
232
231
236
243
232
231
235
220
220
248
258
243
255
236
257
253
220
221
239
230
241
232
227
231
232
220
221
217
221
230
251
307
327
294
215
217
230
248
238
226
228
223
240
265
245
226
229
238
221
213
229
308
300
345
301
313
262
246
296
310
281
267
226
281
297
322
246
267
268
321
284
262
276
271
255
296
288
324
321
247
234
306
281
222
220
230
246
227
246
249
248
236
267
220
228
216
227
241
222
215
224
232
227
222
241
247
282
239
226
245
214
241
230
231
265
239
218
215
243
263
228
223
216
241
254
252
214
292
272
219
214
221
234
222
253
249
254
229
228
239
232
255
229
227
258
233
228
259
275
224
224
221
228
224
232
254
256
234
237
238
249
214
245
222
232
232
232
218
247
221
231
248
262
282
282
241
220
237
219
214
248
225
269
223
230
215
274
231
258
348
235
252
260
356
245
268
253
273
282
254
332
328
259
292
259
258
249
254
303
277
271
274
296
249
553
326
526
583
294
555
533
532
327
684
570
480
309
539
463
330
571
453
341
634
502
268
500
549
560
272
597
525
585
414
436
489
438
364
491
380
516
649
483
345
536
567
269
614
475
392
389
556
460
397
473
496
513
261
597
562
296
485
592
303
498
639
540
374
372
566
305
601
581
519
358
417
439
406
453
529
369
487
531
526
350
585
492
435
463
556
505
339
550
548
485
392
625
375
428
590
542
385
509
553
362
543
542
