829
594
604
307
595
439
420
549
472
412
678
501
493
412
384
715
718
610
274
460
638
364
453
405
339
490
487
303
483
383
445
602
317
445
625
401
495
636
382
435
598
326
358
538
498
321
468
438
382
552
557
348
482
567
362
415
494
417
332
552
406
373
489
401
388
478
384
409
457
447
403
516
409
431
454
350
562
520
515
368
444
400
417
540
344
473
423
538
482
330
587
378
461
442
410
638
567
306
605
882
650
530
544
627
504
555
549
569
731
571
590
557
394
752
465
647
565
664
727
657
584
629
564
529
701
645
727
591
589
638
579
423
668
743
388
461
687
584
501
657
567
597
338
631
320
623
815
764
1076
1020
977
802
403
664
426
495
480
585
613
546
539
568
899
688
565
599
567
664
545
565
514
660
750
555
682
651
640
582
511
558
462
657
529
600
647
587
435
591
405
679
467
845
720
637
525
742
633
544
678
556
508
891
1073
1060
1755
432
409
461
535
440
480
560
290
496
602
290
564
692
443
353
539
495
406
535
484
430
376
627
518
558
370
699
482
505
467
573
407
510
459
505
541
546
290
546
569
478
362
433
514
508
396
507
535
493
646
450
466
347
468
515
517
490
345
533
563
290
650
603
373
457
578
474
374
547
673
535
428
414
