786
419
344
574
551
369
626
343
477
387
430
615
464
421
380
470
817
701
582
565
340
520
525
277
481
503
275
531
387
398
573
622
339
510
313
468
577
308
520
381
443
489
312
443
537
434
377
422
303
427
435
373
494
331
491
557
360
470
504
451
409
452
509
339
445
504
283
453
467
383
487
560
474
329
442
290
532
556
547
262
581
398
381
576
411
445
371
538
369
414
597
358
478
626
282
627
691
354
493
462
881
658
569
538
627
557
449
481
627
694
591
646
367
514
750
436
599
643
639
713
655
629
651
556
616
744
538
708
683
547
670
492
522
630
721
399
590
691
543
501
659
517
599
413
557
398
541
796
734
1121
1049
987
802
421
668
426
528
443
580
654
499
539
579
855
682
544
666
609
715
552
640
396
710
705
545
638
648
675
585
475
562
457
649
561
519
592
567
554
470
467
655
443
653
688
695
594
607
740
536
661
469
548
621
1122
1118
1092
294
512
492
480
481
424
508
446
355
647
575
529
384
544
430
410
605
538
404
437
661
539
385
415
580
351
414
554
631
307
655
474
309
596
499
533
464
335
545
492
337
517
503
279
553
551
523
465
393
505
551
333
616
441
496
323
565
459
529
443
448
624
737
383
435
627
511
361
563
540
528
324
615
443
268
498
