790
288
527
535
612
372
460
634
414
440
498
511
313
516
559
580
479
391
693
639
478
347
579
530
329
503
540
550
363
484
574
496
315
657
748
462
357
507
353
472
653
485
335
470
306
481
468
344
521
486
463
469
597
540
436
477
476
406
620
478
529
501
426
404
549
528
470
386
649
272
612
606
293
511
635
564
287
536
573
426
441
471
444
345
507
396
298
582
363
375
502
528
497
357
697
595
491
584
340
397
570
424
488
632
418
438
579
550
316
535
740
303
255
316
327
368
309
294
318
258
228
330
323
296
290
244
315
317
261
292
274
257
312
325
251
269
334
370
305
286
237
267
268
267
286
309
266
272
268
295
256
289
279
345
318
294
286
336
317
262
273
275
315
290
297
282
280
256
266
296
325
320
256
266
298
289
347
274
236
293
282
278
298
310
263
259
279
289
285
261
312
287
275
271
280
274
271
291
292
308
260
294
293
345
313
292
324
357
395
426
463
402
418
401
390
399
309
483
395
221
249
311
307
225
271
295
300
272
281
287
294
281
268
262
280
329
360
352
335
252
253
282
318
309
289
271
353
389
297
240
252
258
279
310
264
304
331
414
326
264
275
291
349
261
264
343
302
270
311
301
347
289
336
300
322
296
229
295
366
319
253
319
286
254
364
345
295
260
294
319
315
307
258
246
295
292
330
296
261
255
301
304
300
262
254
320
403
415
423
335
370
334
337
296
345
463
435
745
306
489
412
394
425
398
437
679
417
275
587
255
570
663
454
282
549
282
513
560
386
410
526
315
480
479
380
439
500
347
444
510
587
435
295
618
318
521
559
365
514
538
378
478
462
394
455
512
488
288
658
527
257
554
527
308
496
408
424
501
409
416
468
269
540
423
335
483
448
296
519
482
345
390
578
399
284
478
404
372
356
431
489
477
382
524
559
429
443
398
445
397
495
491
425
397
655
520
287
511
299
465
534
259
465
308
486
539
538
347
529
519
334
492
471
403
355
544
489
289
465
531
310
367
472
323
480
444
368
592
541
311
517
568
439
368
469
584
329
565
497
395
584
483
402
556
375
378
470
338
534
527
270
494
557
323
534
563
278
522
494
514
363
577
563
422
312
576
291
550
466
412
510
340
377
463
309
505
395
363
548
490
401
387
591
424
394
515
452
497
554
284
617
490
