318
533
656
298
514
482
419
682
401
567
439
407
685
471
399
651
436
463
679
421
458
478
375
513
550
349
517
524
463
348
486
482
319
583
395
483
446
505
335
429
549
652
300
497
616
588
370
450
600
567
600
275
530
531
442
403
487
434
351
561
443
409
643
537
387
554
520
323
622
528
502
320
527
315
475
573
594
584
402
381
599
649
376
569
521
364
494
346
555
503
401
565
454
414
510
412
602
744
415
477
548
413
559
515
688
756
841
771
532
619
576
577
845
820
692
586
568
574
545
481
675
787
454
809
675
420
755
547
732
616
638
508
641
710
693
506
639
647
725
678
459
859
867
1116
1220
1006
568
630
520
677
578
605
629
787
816
710
608
635
644
618
663
616
526
676
674
725
502
799
574
586
670
651
500
930
682
705
663
554
732
725
601
802
784
444
642
598
712
745
625
588
809
1122
1106
1424
485
493
519
402
426
502
441
265
534
544
448
350
576
552
460
358
570
516
374
458
566
548
319
576
655
559
387
446
570
578
347
581
565
290
776
548
290
562
585
334
492
575
599
430
509
507
651
392
351
609
564
566
318
496
691
304
552
540
364
401
581
493
522
444
635
413
504
460
529
274
530
549
499
353
621
556
463
304
509
616
540
314
580
581
633
297
438
506
488
460
441
519
339
534
