650
531
469
363
508
601
326
549
345
561
589
445
571
460
381
570
502
424
488
485
611
446
349
641
636
630
266
598
310
527
391
560
454
451
455
502
451
383
551
480
362
525
637
615
454
368
479
491
319
591
618
363
462
511
352
432
524
506
366
547
481
354
513
378
411
475
431
483
515
521
401
563
680
653
487
557
421
430
496
425
477
449
227
256
266
228
225
226
223
245
292
226
217
229
220
246
294
220
221
216
229
248
237
278
247
238
215
283
256
246
217
214
230
279
281
241
227
216
215
240
247
258
222
221
258
256
215
227
219
220
232
292
271
259
249
230
221
220
232
224
232
216
228
223
214
234
264
278
221
230
253
259
223
223
215
260
226
235
219
229
223
214
215
219
220
245
231
220
222
234
283
302
217
230
225
240
251
241
228
223
222
238
249
259
259
222
218
221
221
266
292
268
256
275
297
266
274
282
261
282
280
290
349
345
245
278
287
313
314
317
314
319
284
304
282
256
291
341
263
243
289
222
252
254
233
241
249
233
221
216
227
219
263
246
214
221
218
230
230
229
234
228
269
246
226
225
218
229
226
227
228
229
215
248
263
214
215
236
260
251
248
231
230
234
218
226
290
251
238
234
232
237
231
219
239
270
273
237
237
243
244
244
225
219
220
222
265
253
225
231
221
238
231
239
228
214
216
225
251
237
232
229
213
216
231
218
229
216
237
252
267
274
229
223
236
232
215
243
236
248
229
223
226
261
279
282
239
353
280
256
251
343
295
244
284
323
274
299
230
297
242
310
279
237
236
282
274
279
346
271
263
280
581
656
295
474
666
469
463
410
578
337
481
559
518
340
479
530
393
524
466
378
501
466
314
431
558
386
501
519
603
476
380
562
522
260
554
643
559
411
505
598
532
276
655
489
360
435
561
481
478
426
499
549
406
467
493
659
357
441
525
375
425
553
389
365
674
679
468
387
526
557
457
423
459
481
358
544
480
256
513
392
445
551
474
380
491
515
415
467
571
518
328
580
629
300
556
601
484
319
547
318
518
607
