450
417
679
464
406
718
489
423
656
397
570
678
318
511
630
345
642
605
396
490
582
459
425
577
439
487
517
565
387
519
399
648
297
491
485
389
407
488
533
308
475
466
370
550
569
277
572
565
268
652
505
548
417
420
554
554
501
286
490
451
433
613
494
282
557
412
582
630
524
318
472
532
356
456
524
502
384
421
634
544
391
531
417
388
558
442
420
382
413
488
488
436
419
339
529
379
447
792
595
469
481
392
573
555
539
805
818
797
671
603
617
557
665
856
775
649
529
509
568
523
605
847
523
686
737
553
703
419
878
524
634
681
564
705
598
599
681
658
556
799
443
705
870
1011
1235
1161
358
695
533
595
605
648
500
675
943
702
688
657
575
703
633
588
640
538
822
758
559
647
633
536
575
745
545
755
702
762
642
724
622
581
704
976
798
581
489
570
785
743
735
593
800
1138
1052
1292
427
429
582
467
532
420
398
511
581
461
387
477
596
573
497
353
519
568
328
441
593
663
633
510
375
526
572
410
397
673
439
422
618
472
524
608
476
293
578
477
371
547
622
333
474
560
639
262
471
453
450
473
574
478
324
593
503
396
568
455
539
479
470
427
551
579
541
370
431
544
469
333
569
597
595
547
270
518
521
549
364
524
443
382
527
538
268
520
513
479
380
475
492
346
508
