934
598
481
316
595
565
539
387
655
550
288
465
588
510
579
512
350
710
608
495
318
633
521
347
510
574
533
394
458
520
551
366
583
649
404
454
553
674
535
468
567
510
584
302
552
579
366
476
535
494
484
511
530
483
416
619
544
458
385
464
506
504
305
523
530
329
534
301
513
512
380
565
588
324
543
553
588
508
398
550
565
358
418
496
640
501
423
415
532
528
364
527
530
406
389
534
587
496
431
445
622
430
481
565
346
567
555
509
504
276
314
313
343
273
318
268
265
268
363
331
282
283
247
311
269
267
296
276
275
304
217
226
287
264
311
348
330
324
247
221
243
254
309
307
273
258
267
296
271
287
286
331
312
284
279
350
252
259
274
277
310
260
325
284
293
274
260
347
323
296
295
222
307
288
348
344
293
238
223
313
286
306
247
248
286
300
293
265
312
332
269
267
273
296
260
257
283
322
285
296
322
323
318
375
305
296
349
419
415
405
386
398
379
464
359
453
484
250
235
254
262
274
275
281
316
281
282
267
281
311
290
270
267
281
338
327
316
300
228
268
316
277
282
284
367
401
341
247
232
254
285
330
333
269
284
403
361
291
240
247
333
253
261
335
294
269
298
286
355
341
315
312
332
286
259
287
349
326
299
288
317
286
287
339
291
291
280
304
301
247
236
269
289
324
315
243
263
269
332
264
248
284
313
238
217
390
401
332
340
380
337
331
319
386
443
395
400
445
575
346
496
539
439
387
661
428
292
616
309
520
590
349
403
602
409
404
536
379
461
506
304
459
479
380
442
548
307
384
501
550
260
551
611
295
562
588
403
426
444
422
511
472
451
443
499
491
283
653
470
310
548
583
442
498
441
375
544
439
333
492
418
463
404
479
329
460
540
514
360
375
531
299
428
482
341
486
294
449
495
440
418
473
454
398
607
408
396
410
490
525
347
460
723
488
291
511
595
342
523
574
607
409
331
619
371
396
567
383
475
475
568
523
307
452
603
556
469
442
370
629
439
386
599
451
334
556
573
507
298
536
469
312
549
352
381
542
480
511
513
399
495
502
317
601
568
329
529
551
321
470
550
402
405
501
481
391
598
559
487
341
561
316
459
539
339
484
546
284
506
535
251
485
515
280
484
490
367
474
530
332
410
465
328
376
558
534
487
