810
622
610
383
567
627
395
570
546
389
607
506
356
580
414
621
629
516
486
290
662
563
361
434
584
402
371
505
271
538
608
336
470
524
278
463
298
687
588
296
507
482
379
390
501
308
468
575
383
391
530
299
455
482
329
561
481
338
410
544
425
361
536
383
414
508
410
367
483
434
353
518
481
375
410
362
580
512
539
369
427
401
413
584
322
464
457
557
571
347
549
672
320
441
388
449
602
368
705
875
611
493
621
574
514
508
550
633
761
567
419
509
613
569
434
678
576
613
715
668
622
631
654
540
648
714
740
561
594
591
504
539
676
598
466
491
605
552
546
617
657
503
329
632
283
573
798
773
1037
1108
998
852
422
686
398
478
511
542
645
612
496
704
712
779
589
672
500
676
423
639
469
788
675
511
695
643
588
535
604
467
544
584
552
564
642
691
390
586
473
572
404
737
715
694
619
666
665
453
685
526
520
652
1120
1210
1165
415
485
536
501
429
479
502
306
542
478
274
570
747
457
379
603
482
432
477
646
386
352
601
633
516
409
411
731
274
586
537
309
544
592
426
596
357
461
522
571
510
402
509
484
450
394
544
561
457
332
600
436
427
463
577
355
479
503
541
637
323
519
626
476
517
509
456
438
481
490
432
541
491
501
