1071
317
502
518
321
601
729
500
362
526
499
579
534
305
522
524
540
402
499
568
514
321
601
584
305
606
522
372
536
500
496
512
500
493
457
626
414
472
402
391
380
595
380
374
526
416
374
631
557
293
568
602
501
369
470
526
473
373
570
327
392
585
408
459
524
445
342
502
581
398
562
493
352
705
535
442
432
453
464
353
499
500
251
214
222
221
255
270
218
224
215
254
238
245
217
218
248
257
285
267
239
228
227
242
291
240
257
224
226
214
226
301
276
224
229
227
229
252
215
228
219
219
236
223
253
214
234
255
234
241
233
233
235
241
262
222
225
233
215
223
237
237
226
221
222
220
236
276
247
234
226
272
222
216
229
248
220
232
230
221
224
221
215
228
225
233
236
279
260
222
221
292
290
241
249
223
215
254
223
228
221
221
215
231
251
233
246
221
225
237
281
295
224
271
279
254
263
253
296
272
272
286
299
246
266
342
339
352
305
293
302
261
281
253
265
354
342
329
233
242
278
278
255
249
219
216
225
224
241
251
214
259
242
227
214
218
239
216
213
244
237
232
249
225
215
229
223
233
237
224
214
232
257
236
218
215
253
270
221
225
220
237
237
227
225
287
242
221
226
231
248
228
263
214
221
232
237
246
248
235
228
234
248
223
220
223
216
240
267
227
234
222
235
216
239
229
236
221
227
230
238
223
240
219
214
236
234
281
236
233
216
221
239
221
213
222
222
244
258
220
227
221
222
251
287
289
251
260
364
256
240
259
284
235
248
265
304
300
242
346
296
266
238
242
265
281
266
307
280
313
261
227
261
586
273
569
358
412
667
494
430
476
730
507
353
437
513
422
435
644
532
277
456
273
488
574
516
393
427
625
547
550
478
458
550
647
371
394
604
616
288
544
519
310
557
638
435
310
494
296
502
583
482
373
398
562
549
303
427
659
338
468
559
514
375
516
441
345
554
650
476
396
558
571
519
390
474
550
532
322
511
604
355
498
595
466
319
516
411
321
553
545
284
571
590
320
562
299
500
563
526
281
548
490
341
610
