452
423
752
542
299
703
307
532
547
362
609
291
536
524
410
630
381
492
519
430
452
340
498
515
304
505
486
428
507
568
405
520
375
597
413
450
513
380
381
525
536
460
367
639
518
333
515
626
648
530
477
394
549
416
343
601
572
461
421
577
600
445
442
567
412
443
560
271
600
483
340
474
538
606
434
534
422
586
635
280
450
775
528
519
531
364
538
478
586
458
576
420
423
479
442
548
753
461
474
551
461
557
483
730
769
781
768
582
633
553
633
804
823
677
548
571
568
556
570
714
699
444
800
648
456
761
545
787
567
682
550
645
693
704
664
529
565
868
493
493
876
907
1276
1201
907
715
527
602
558
650
499
685
951
648
775
618
677
598
707
572
622
615
740
768
514
759
600
507
612
753
558
702
698
760
608
651
679
580
655
908
771
670
449
574
782
688
767
566
834
1002
1121
956
340
277
547
490
463
362
497
523
597
417
456
482
593
519
296
542
527
461
334
547
437
378
514
684
322
394
621
516
401
524
551
296
480
683
344
513
708
379
504
549
419
438
512
587
457
476
544
409
332
696
554
364
492
496
548
363
446
652
270
576
477
316
515
481
495
522
373
714
365
566
514
277
461
457
377
521
585
567
372
406
526
461
349
452
453
393
568
606
592
291
584
508
544
526
368
455
570
