709
508
538
308
585
676
379
527
642
479
385
506
501
547
331
550
433
553
402
425
506
621
423
414
571
690
264
563
508
515
354
527
530
328
371
545
528
276
574
511
352
466
632
529
272
510
602
598
256
535
575
306
564
524
370
420
543
515
340
562
599
349
423
594
479
295
605
505
393
543
537
405
468
590
514
582
515
469
450
407
451
485
220
230
217
248
278
258
222
252
233
245
239
253
214
222
228
259
256
227
221
221
233
272
286
221
243
222
229
248
248
256
223
216
251
269
239
230
228
218
222
226
244
248
222
233
234
249
221
216
230
249
276
238
233
230
229
223
230
227
247
220
222
214
223
249
251
217
232
268
262
217
214
241
235
255
234
255
239
230
236
215
220
215
218
232
224
282
234
229
228
287
251
215
230
220
238
252
214
226
227
229
231
218
222
227
232
230
226
275
251
251
284
303
303
269
260
261
301
251
293
304
355
245
229
328
344
299
288
247
253
238
311
288
297
278
262
287
346
298
264
225
220
250
236
221
230
247
217
216
227
225
247
247
229
230
219
231
230
228
223
244
235
240
214
230
247
237
244
235
231
240
229
221
249
262
229
216
236
237
267
234
238
238
278
257
214
222
257
229
251
221
247
256
246
233
251
246
224
232
228
237
217
223
221
220
223
274
278
247
254
226
238
218
214
237
227
225
220
233
235
249
214
225
232
231
216
269
288
224
223
225
225
263
253
249
233
214
222
218
223
281
237
215
232
252
270
271
341
341
294
287
232
268
314
292
266
279
356
308
258
299
246
282
224
280
315
296
327
228
242
280
574
315
538
510
306
602
675
528
527
373
536
395
363
581
550
400
448
552
363
505
529
335
357
563
546
426
499
454
529
276
516
559
414
476
561
331
486
569
456
386
524
304
496
598
395
503
483
518
337
462
482
512
268
483
366
433
459
501
276
634
630
520
401
530
536
352
422
733
582
261
487
588
508
450
435
534
504
366
513
591
588
357
503
511
367
472
496
300
516
553
526
293
582
311
544
656
540
361
502
520
263
584
538
