823
557
279
498
646
291
649
356
442
620
575
383
538
525
499
683
343
623
510
473
313
528
436
344
507
317
423
586
376
400
580
490
320
552
412
476
580
380
562
575
306
447
468
424
395
434
324
501
411
341
527
451
303
597
394
365
580
453
269
513
296
457
523
361
391
566
542
381
428
487
420
401
477
458
407
445
390
470
531
428
282
334
449
430
325
547
501
469
328
525
536
303
550
574
320
679
636
420
467
593
868
649
526
591
572
557
465
554
600
738
574
638
516
361
782
426
650
593
612
737
649
643
632
566
528
742
595
723
650
548
625
536
475
674
723
393
510
641
586
465
691
571
593
380
595
358
669
769
714
1126
1108
907
849
503
646
422
494
486
580
601
569
540
708
677
813
535
635
535
687
456
639
468
812
662
632
665
664
555
541
562
420
612
548
523
564
609
628
429
554
451
627
405
698
757
660
613
629
701
457
688
506
548
610
1056
1035
1241
429
360
433
479
500
413
566
556
467
409
518
608
733
261
479
323
515
533
469
419
461
287
489
604
665
574
492
377
706
492
554
468
582
491
445
474
426
574
582
577
416
473
523
465
571
384
488
579
486
342
629
460
538
336
525
511
429
461
476
588
454
412
629
422
524
514
598
507
314
570
680
524
431
398
