922
590
279
490
601
485
394
532
563
496
453
565
567
538
484
302
568
393
442
560
395
359
536
296
554
565
497
362
514
546
365
419
564
701
405
473
571
471
379
621
523
379
511
395
400
566
529
275
530
429
477
535
503
399
563
549
604
372
454
536
544
467
442
443
547
545
319
521
550
327
589
460
386
546
539
435
543
539
508
281
651
549
520
380
523
530
486
392
497
502
540
499
414
622
586
506
617
471
334
649
624
425
418
552
501
352
592
463
455
548
360
218
304
345
316
290
300
279
241
280
334
297
274
266
278
322
274
282
275
298
288
319
317
259
295
358
336
330
282
708
271
236
242
289
298
271
234
264
301
272
276
310
325
302
311
296
309
281
222
273
305
272
301
317
258
291
233
325
307
307
264
246
322
297
329
244
250
316
291
283
296
328
231
269
262
287
284
260
318
283
303
268
266
268
264
285
292
285
279
305
364
287
374
345
290
316
421
432
401
381
365
404
439
429
314
464
485
216
238
247
289
275
265
284
301
260
274
281
313
276
278
257
283
318
365
362
374
315
267
230
299
314
284
267
301
377
339
283
236
227
273
315
334
283
286
398
356
290
290
242
315
330
286
264
294
283
279
286
332
307
312
310
329
301
261
279
345
341
285
298
322
281
269
343
277
308
278
310
283
290
221
259
316
297
334
251
238
276
335
313
222
259
348
349
404
416
361
289
362
348
288
361
404
463
393
393
465
682
386
466
533
515
267
677
590
520
285
683
597
282
486
632
575
277
592
554
340
383
537
304
474
501
307
449
499
499
359
509
487
379
477
542
304
556
470
473
483
415
411
528
484
428
459
473
324
553
561
281
475
574
443
488
500
360
480
421
467
431
597
528
445
301
552
558
343
435
501
622
470
282
486
433
378
436
310
427
582
363
437
460
350
578
487
463
391
451
485
436
369
665
477
285
508
292
491
612
286
429
561
372
559
445
554
357
451
367
452
460
501
377
382
532
513
304
513
447
346
418
606
431
377
617
488
312
524
548
268
482
433
309
601
588
441
386
653
442
473
564
329
477
541
322
563
539
330
493
587
596
318
467
487
404
470
549
472
388
641
498
513
291
647
411
414
429
253
556
269
454
616
404
372
536
550
382
369
511
299
409
421
492
422
399
542
472
431
441
